Перший Дiловий.

Понедiлок, 15 квiтня
7.00,8.00,9.00,10.00,11.00,12.00,13.00,14.00,15.00,16.00,17.00,18.00,19.00,20.00,22.00,23.00,0.00,1.00,2.00,3.00,4.00,5.00,6.00 Новини.
7.10,7.39,8.10,8.39,9.10,9.39,10.10,11.10,13.41 Спорт.
7.12,7.37,8.12,8.37,9.12,9.37,10.12,10.37,11.37,12.39,13.39,14.39,15.39,16.39,17.39,18.39,19.49,21.39,22.49,23.39,0.39,1.39,2.49,3.39,4.49,5.39,6.39 Бiзнес блокнот.
7.15,8.15,9.15,10.15,23.10 Прес-огляд.
7.17,8.17,9.17,10.17 Новини компанiй.
7.20,8.23 Топ-5.
7.23,8.20,9.20,10.20,22.15,4.50 Шоу-бiзнес.
7.28,7.58,8.29,8.58,9.29,9.59,10.29,11.29,11.59,12.29,12.59,13.29,13.59,14.29,14.59,15.29,15.59,16.29,16.59,17.29,17.59,18.29,18.59,19.09,19.29,19.59,21.29,21.59,22.29,22.59,23.29,23.59,0.29,0.59,1.29,1.59,2.29,2.59,3.29,3.59,4.29,4.59,5.29,5.59,6.29,6.59 Погода.
7.30,8.30,9.30,10.30,11.30,12.30,13.30,14.30,15.30,16.30,17.30,18.30,19.30,21.30,22.30,23.30,0.30,1.30,2.30,3.30,4.30,5.30,6.30 Бiзнес.
7.41,8.41,9.41 Новини ринкiв.
7.45,8.50,9.45,2.20 Кiнобiзнес.
7.48,9.48 IТ дeвайси.
7.51,19.50,2.50 Iсторiя бiзнесу.
8.45,10.23,17.12,0.20 Авто-life новини.
9.51 Бiзнес-хронограф.
9.54,22.20,4.20 Огляд закордонної преси.
10.39,11.12,12.10,12.40,13.15,14.15,14.40 Телемагазин.
11.40,13.43,15.40,17.41,20.20,21.41,23.43,1.41,3.41,5.41 Акцент.
13.10,14.10,15.10 Аструм.
15.15,3.15 Курс iнтер`єру.
16.10 Фiнанси.
16.41 IT-бiзнес.
18.10 Бiзнес. Пiдсумок.
18.41,6.41 Транспорт.
19.10,1.15 Нерухомiсть.
20.45,6.20 Катастрофи.
20.55,0.41,5.15 Компанiї та ринки.
21.10 Тиждень. Свiт.
23.15 Силове поле.

Вiвторок, 16 квiтня
7.00,8.00,9.00,10.00,11.00,12.00,13.00,14.00,15.00,16.00,17.00,18.00,19.00,20.00,22.00,23.00,0.00,1.00,2.00,3.00,4.00,5.00,6.00 Новини.
7.10,7.39,8.10,8.39,9.10,9.39,10.10,11.10,13.41 Спорт.
7.12,7.37,8.12,8.37,9.12,9.37,10.12,10.37,11.37,12.39,13.39,14.39,15.39,16.39,17.39,18.39,19.49,21.39,22.49,23.39,0.39,1.39,2.49,3.39,4.49,5.39,6.39 Бiзнес блокнот.
7.15,8.15,9.15,10.15,23.10 Прес-огляд.
7.17,8.17,9.17,10.17 Новини компанiй.
7.20,8.20,9.20,10.20,2.50 Шоу-бiзнес.
7.23,9.23 Бiзнес-хронограф.
7.29,7.58,8.29,8.58,9.29,9.58,10.29,10.59,11.29,11.59,12.29,13.29,13.59,14.29,14.59,15.29,15.59,16.29,16.59,17.29,17.59,18.29,18.59,19.10,19.29,19.59,21.29,21.59,22.29,22.59,23.29,23.59,0.29,0.59,1.29,1.59,2.29,2.59,3.29,3.59,4.29,4.59,5.29,5.59,6.29,6.59 Погода.
7.30,8.30,9.30,10.30,11.30,12.30,13.30,14.30,15.30,16.30,17.30,18.30,19.30,21.30,22.30,23.30,0.30,1.30,2.30,3.30,4.30,5.30,6.30 Бiзнес.
7.41,8.41,9.41 Новини ринкiв.
7.45,8.50,9.50,0.20 Кiнобiзнес.
7.48,9.45 Авто-life новини.
7.53,9.54,22.15,2.20,6.25 Огляд закордонної преси.
8.45 IТ дeвайси.
8.54,10.24,19.50,22.50 Iсторiя бiзнесу.
10.39,11.15,12.10,12.40,13.15,14.40,15.15 Телемагазин.
11.40,13.43,15.40,17.41,21.00,21.41,23.41,1.41,3.41,5.41 Акцент.
12.45 Бiзнес-дiалог.
13.10,14.10,15.10 Аструм.
14.15 Тиждень. Свiт.
16.15,16.40 Про-капiтал.
17.12 IT-бiзнес.
18.10,5.15 Курс iнтер`єру.
18.41,1.15,6.41 Компанiї та ринки.
19.11,3.15 Силове поле.
20.22,4.25,6.21 Злиття та поглинання.
20.35 Просування та реклама.
21.15,22.55 Топ-5.
23.20,4.50 Катастрофи.
0.41 Нерухомiсть.

Середа, 17 квiтня
7.00,8.00,9.00,10.00,11.00,12.00,13.00,14.00,15.00,16.00,17.00,18.00,19.00,20.00,22.00,23.00,0.00,1.00,2.00,3.00,4.00,5.00,6.00 Новини.
7.10,7.39,8.10,8.39,9.10,9.39,10.10,11.10,13.41 Спорт.
7.12,7.37,8.12,8.37,9.12,9.37,10.12,10.37,11.39,12.39,13.39,14.39,15.39,16.39,17.39,18.39,19.49,21.39,22.49,23.39,0.39,1.39,2.49,3.39,4.49,5.39,6.39 Бiзнес блокнот.
7.15,8.15,9.15,10.15,23.10 Прес-огляд.
7.17,8.17,9.17,10.17 Новини компанiй.
7.20,8.23,9.48 Топ-5.
7.23,8.20,9.20,10.20,4.20 Шоу-бiзнес.
7.29,7.58,8.29,8.58,9.29,9.58,10.29,10.59,11.29,11.59,12.29,12.59,13.29,13.59,14.29,14.59,15.29,15.59,16.29,16.59,17.29,17.59,18.29,18.59,19.29,19.59,21.29,21.59,22.29,22.59,23.29,23.59,0.29,0.59,1.29,1.59,2.29,2.59,3.29,3.59,4.29,4.59,5.29,5.59,6.29,6.59 Погода.
7.30,8.30,9.30,10.30,11.30,12.30,13.30,14.30,15.30,16.30,17.30,18.30,19.30,21.30,22.30,23.30,0.30,1.30,2.30,3.30,4.30,5.30,6.30 Бiзнес.
7.41,8.41,9.41 Новини ринкiв.
7.45,17.12,2.20 Злиття та поглинання.
7.55,8.55,9.45,2.50 Кiнобiзнес.
8.44,10.23,20.20,5.15 Авто-life новини.
8.57,9.27 Iсторiя грошей.
9.23,22.55 Бiзнес-хронограф.
9.51 IТ дeвайси.
9.54,16.25,19.50,22.20 Iсторiя бiзнесу.
10.39,11.15,12.10,12.40,13.15,14.41 Телемагазин.
11.41,13.43,15.40,17.41,21.00,21.41,23.41,1.41,3.41,5.41 Акцент.
13.10,14.10,15.10 Аструм.
14.15,18.40,1.15,6.41 Силове поле.
15.15,20.45 Нерухомiсть.
16.10,0.40,3.15 Курс iнтер`єру.
16.41,23.15 Компанiї та ринки.
18.10 Бiзнес дiалог.
19.10 IT-бiзнес.
19.20,0.20,4.51 Огляд закордонної преси.
20.35,6.20 Катастрофи.

Четвер, 18 квiтня
7.00,8.00,9.00,10.00,11.00,12.00,13.00,14.00,15.00,16.00,17.00,18.00,19.00,20.00,22.00,23.00,0.00,1.00,2.00,3.00,4.00,5.00,6.00 Новини.
7.10,7.40,8.10,8.39,9.10,9.39,10.10,11.10,13.41 Спорт.
7.12,7.37,8.12,8.37,9.12,9.37,10.12,10.37,11.37,12.39,13.39,14.39,15.39,16.39,17.39,18.39,19.49,21.39,22.49,23.39,0.39,1.39,2.49,3.39,4.49,5.39,6.39 Бiзнес блокнот.
7.15,8.15,9.15,10.15,23.10 Прес-огляд.
7.17,9.17,10.17 Новини компанiй.
7.20,8.25,9.20,10.20,0.20 Шоу-бiзнес.
7.23,9.23 Бiзнес-хронограф.
7.29,7.58,8.29,8.58,9.29,9.58,10.29,10.59,11.29,11.59,12.29,12.59,13.29,13.59,14.29,14.59,15.29,15.59,16.29,16.59,17.29,17.59,18.29,18.59,19.29,19.59,21.29,21.59,22.29,22.59,23.29,23.59,0.29,0.59,1.29,1.59,2.29,2.59,3.29,3.59,4.29,4.59,5.29,5.59,6.29,6.59 Погода.
7.30,8.30,9.30,10.30,11.30,12.30,13.30,14.30,15.30,16.30,17.30,18.30,19.30,21.30,22.30,23.30,0.30,1.30,2.30,3.30,4.30,5.30,6.30 Бiзнес.
7.41,8.41,9.41 Новини ринкiв.
7.45,9.45,16.41,6.41 Авто-life новини.
7.50,8.50,9.50,4.51 Кiнобiзнес.
7.53,9.53,17.25,19.55 Огляд закордонної преси.
8.17,16.11,2.51,6.20 Злиття та поглинання.
8.45 IТ дeвайси.
8.53,10.23,16.25,20.40,0.55 Iсторiя бiзнесу.
10.39,11.15,12.15,12.40,13.15,14.41 Телемагазин.
11.40,13.43,15.40,17.41,21.41,23.41,1.41,3.41,5.41 Акцент.
13.10,14.10,15.10 Аструм.
14.15,1.15 Курс iнтер`єру.
15.15 Бiзнес дiалог.
17.10 Силове поле.
18.10,0.40 Компанiї та ринки.
18.41,3.15 Нерухомiсть.
19.10 Бiзнес-дiалог.
20.20,5.15 Транспорт.
20.45,23.20 Полiгон.
20.55 Про-капiтал.
21.20,22.55 Топ-5.
22.15,2.20 Катастрофи.
4.25 Закордон-преса.

П`ятниця, 19 квiтня
7.00,8.00,9.00,10.00,11.00,12.00,13.00,14.00,15.00,16.00,17.00,18.00,19.00,20.00,22.00,23.00,0.00,1.00,2.00,3.00,4.00,5.00,6.00 Новини.
7.10,7.39,8.10,8.39,9.10,9.39,10.10,11.10,13.41 Спорт.
7.12,7.37,8.12,8.37,9.12,9.37,10.12,10.37,11.37,12.39,13.39,14.39,15.39,16.39,17.39,18.39,19.49,21.39,22.49,23.39,0.39,1.39,2.49,3.39,4.49,5.39,6.39 Бiзнес блокнот.
7.15,8.15,9.15,10.15 Прес-огляд.
7.17,8.17,9.17,10.17 Новини компанiй.
7.20,8.25 Топ-5.
7.23,8.20,9.20,10.20,2.20 Шоу-бiзнес.
7.29,7.58,8.29,8.58,9.29,9.58,10.29,10.59,11.29,11.59,12.29,12.59,13.29,13.59,14.29,14.59,15.29,15.59,16.29,16.59,17.29,17.59,18.29,18.59,19.29,19.59,21.29,21.59,22.29,22.59,23.29,23.59,0.29,0.59,1.29,1.59,2.29,2.59,3.29,3.59,4.29,4.59,5.29,5.59,6.29,6.59 Погода.
7.30,8.30,9.30,10.30,11.30,12.30,13.30,14.30,15.30,16.30,17.30,18.30,19.30,21.30,22.30,23.30,0.30,1.30,2.30,3.30,4.30,5.30,6.30 Бiзнес.
7.41,8.41,9.41 Новини ринкiв.
7.45,9.23 IТ дeвайси.
7.49,8.50,9.55,22.20,4.20 Кiнобiзнес.
7.53,22.51 Огляд закордонної преси.
8.45,10.23,23.15,3.15 Авто-life новини.
8.55 Бiзнес-хронограф.
9.45,14.15,18.10,4.51 Злиття та поглинання.
10.39,11.15,12.15,12.40,13.15,14.41 Телемагазин.
11.40,13.43,15.40,17.41,19.10,21.41,23.41,1.41,3.41,5.41 Акцент.
13.10,14.10,15.10 Аструм.
15.15,20.40 Бiзнес-дiалог.
16.10 Цiни. Стоп.
16.40,6.41 Курс iнтер`єру.
17.12 Полiгон.
18.41,1.15 Транспорт.
19.50,0.20,2.50 Iсторiя бiзнесу.
20.25,0.41,5.15 Фiнанси.
20.55 Нерухомiсть.
21.10 IT-бiзнес.
21.25,6.20 Катастрофи.

Субота, 20 квiтня
7.00,8.00,9.00,10.00,11.00,12.00,13.00,14.00,15.00,16.00,17.00,18.00,19.00,0.00,3.00,6.00 Новини.
7.20,16.40,5.35 Злиття та поглинання.
7.29,7.59,8.29,8.59,9.29,9.59,10.29,10.59,11.29,11.59,12.29,12.59,13.29,13.59,14.29,14.59,15.29,15.59,16.29,16.59,17.29,17.59,18.29,18.59,19.29,19.59,20.58,21.29,21.59,22.59,23.29,23.59,0.29,0.59,1.29,1.59,2.59,3.29,3.59,4.29,4.59,5.59,6.29,6.59 Погода.
7.30,8.30,9.30,10.30,11.30,12.30,13.30,14.30,15.30,16.30,17.30,18.30,19.30,21.30,23.30,0.30,1.30,3.30,4.30,6.30 Бiзнес.
7.40,9.40,11.40,13.40,15.40,17.40,19.40,21.40,23.40,1.40,3.40,5.40 Акцент.
8.10,12.37,1.15,6.15 IT-бiзнес.
8.40,0.40 Авто-life новини.
8.55,20.50,2.50 Кiнобiзнес.
9.10,16.10,22.35,2.35 Фiнанси.
10.10,11.10,12.10,13.10,14.40 Телемагазин.
10.20,14.22,6.10 Шоу-бiзнес.
10.37,23.15,6.40 Нерухомiсть.
10.50,18.50,0.55 Катастрофи.
12.50,15.10 Бiзнес-дiалог.
14.10,21.15 Курс iнтер`єру.
16.50 Огляд закордонної преси.
17.10,3.10 Транспорт.
18.15,18.40 Просування та реклама.
19.12,4.40 Полiгон.
20.00,22.00,2.00,5.00 Пiдсумок.
20.35,0.10,4.15 Силове поле.
21.00,23.00,1.00,4.00 Мiжнародна економiка.
21.37,22.55 Топ-5.

Недiля, 21 квiтня
7.00,13.00,17.00,1.00,4.00 Пiдсумок.
7.35 Топ-5.
7.40,9.40,11.40,15.40,17.40,19.40,21.40,23.40,1.40,3.40,5.40 Акцент.
7.59,8.59,9.59,10.59,11.59,12.59,13.59,14.59,15.59,16.59,17.59,18.59,19.59,20.59,21.59,22.59,23.59,0.59,1.59,2.59,3.59,4.59,5.59,6.59 Погода.
8.00,10.00,12.00,14.00,16.00,18.00,22.00 Новини.
8.10,14.10,18.10,23.20,4.45 Фiнанси.
8.25,20.55 Шоу-бiзнес.
8.30,15.15,20.35 Транспорт.
8.45,12.10,16.35,22.15 Нерухомiсть.
9.00,11.00,15.00 Мiжнародна економiка.
9.15,14.25,22.45,2.40 Силове поле.
9.30,19.30,1.30,3.30 Злиття та поглинання.
10.10,11.15,12.50,13.35,14.40 Телемагазин.
10.25,12.25,16.25,4.35 Бiзнес-дiалог.
10.40,23.35 Кiнобiзнес.
10.50,20.25 Курс iнтер`єру.
11.30,20.15 IT-бiзнес.
15.30 Огляд закордонної преси.
16.10,22.30 Авто-life новини.
18.30 Про-капiтал.
19.00,21.00,0.00,3.00,6.00 Бiзнес. Пiдсумок.
20.00,23.00,2.00,5.00 Тиждень. Свiт.
21.30 Катастрофи.
23.15 Прес-огляд.
0.30 Полiгон.
2.15 Просування та реклама.
5.15 Авто-life.
6.30 Тi, що змiнюють твiй свiт.

