Агро ТВ.

Понедельник, 15 апреля
5.00,7.00,9.00,11.00,13.00,15.00,17.00,19.00,21.00,23.00,1.00,3.00 АгроВести. (12+).
5.15,6.10,7.15,8.10,9.15,10.10,11.15,12.10,13.15,14.10,15.15,16.10,17.15,18.10,19.15,20.10,21.15,22.10,23.15,0.10,1.15,2.10,3.15,4.10 Календарь садовода и огородника. (12+).
5.20,6.15,7.20,9.20,10.15,11.20,12.15,13.20,15.20,16.15,17.20,18.15,19.20,21.20,22.15,23.20,0.15,1.20,3.20,4.15 Аграрный вопрос. (12+).
5.50,8.15,11.50,14.15,17.50,20.15,23.50,2.15 Домашняя кухня. (12+).
6.45,10.50,12.45,16.50,18.45,22.50,0.45,4.50 Аграрные университеты. (12+).
7.50,9.50,13.50,15.50,19.50,21.50,1.50,3.50 Что посеешь. (12+).
8.35,14.35,20.35,2.35 Народная медицина. (12+).
8.55,10.45,14.55,16.45,20.55,22.45,2.55,4.45 Энциклопедия. (12+).

Вторник, 16 апреля
5.00,7.00,9.00,11.00,13.00,15.00,17.00,19.00,21.00,23.00,1.00,3.00 АгроВести. (12+).
5.15,6.10,7.15,8.10,9.15,10.10,11.15,12.10,13.15,14.10,15.15,16.10,17.15,18.10,19.15,20.10,21.15,22.10,23.15,0.10,1.15,2.10,3.15,4.10 Календарь садовода и огородника. (12+).
5.20,6.15,7.20,9.20,10.15,11.20,12.15,13.20,15.20,16.15,17.20,18.15,19.20,21.20,22.15,23.20,0.15,1.20,3.20,4.15 Аграрный вопрос. (12+).
5.50,8.15,11.50,14.15,17.50,20.15,23.50,2.15 Домашняя кухня. (12+).
6.45,10.50,12.45,16.50,18.45,22.50,0.45,4.50 Аграрные университеты. (12+).
7.50,9.50,13.50,15.50,19.50,21.50,1.50,3.50 Что посеешь. (12+).
8.35,14.35,20.35,2.35 Народная медицина. (12+).
8.55,10.45,14.55,16.45,20.55,22.45,2.55,4.45 Энциклопедия. (12+).

Среда, 17 апреля
5.00,7.00,9.00,11.00,13.00,15.00,17.00,19.00,21.00,23.00,1.00,3.00 АгроВести. (12+).
5.15,6.10,7.15,8.10,9.15,10.10,11.15,12.10,13.15,14.10,15.15,16.10,17.15,18.10,19.15,20.10,21.15,22.10,23.15,0.10,1.15,2.10,3.15,4.10 Календарь садовода и огородника. (12+).
5.20,6.15,7.20,9.20,10.15,11.20,12.15,13.20,15.20,16.15,17.20,18.15,19.20,21.20,22.15,23.20,0.15,1.20,3.20,4.15 Аграрный вопрос. (12+).
5.50,8.15,11.50,14.15,17.50,20.15,23.50,2.15 Домашняя кухня. (12+).
6.45,10.50,12.45,16.50,18.45,22.50,0.45,4.50 Аграрные университеты. (12+).
7.50,9.50,13.50,15.50,19.50,21.50,1.50,3.50 Что посеешь. (12+).
8.35,14.35,20.35,2.35 Народная медицина. (12+).
8.55,10.45,14.55,16.45,20.55,22.45,2.55,4.45 Энциклопедия. (12+).

Четверг, 18 апреля
5.00,7.00,9.00,11.00,13.00,15.00,17.00,19.00,21.00,23.00,1.00,3.00 АгроВести. (12+).
5.15,6.10,7.15,8.10,9.15,10.10,11.15,12.10,13.15,14.10,15.15,16.10,17.15,18.10,19.15,20.10,21.15,22.10,23.15,0.10,1.15,2.10,3.15,4.10 Календарь садовода и огородника. (12+).
5.20,6.15,7.20,9.20,10.15,11.20,12.15,13.20,15.20,16.15,17.20,18.15,19.20,21.20,22.15,23.20,0.15,1.20,3.20,4.15 Аграрный вопрос. (12+).
5.50,8.15,11.50,14.15,17.50,20.15,23.50,2.15 Домашняя кухня. (12+).
6.45,10.50,12.45,16.50,18.45,22.50,0.45,4.50 Аграрные университеты. (12+).
7.50,9.50,13.50,15.50,19.50,21.50,1.50,3.50 Что посеешь. (12+).
8.35,14.35,20.35,2.35 Народная медицина. (12+).
8.55,10.45,14.55,16.45,20.55,22.45,2.55,4.45 Энциклопедия. (12+).

Пятница, 19 апреля
5.00,7.00,9.00,11.00,13.00,15.00,17.00,19.00,21.00,23.00,1.00,3.00 АгроВести. (12+).
5.15,6.10,7.15,8.10,9.15,10.10,11.15,12.10,13.15,14.10,15.15,16.10,17.15,18.10,19.15,20.10,21.15,22.10,23.15,0.10,1.15,2.10,3.15,4.10 Календарь садовода и огородника. (12+).
5.20,6.15,7.20,9.20,10.15,11.20,12.15,13.20,15.20,16.15,17.20,18.15,19.20,21.20,22.15,23.20,0.15,1.20,3.20,4.15 Аграрный вопрос. (12+).
5.50,8.15,11.50,14.15,17.50,20.15,23.50,2.15 Домашняя кухня. (12+).
6.45,10.50,12.45,16.50,18.45,22.50,0.45,4.50 Аграрные университеты. (12+).
7.50,9.50,13.50,15.50,19.50,21.50,1.50,3.50 Что посеешь. (12+).
8.35,14.35,20.35,2.35 Народная медицина. (12+).
8.55,10.45,14.55,16.45,20.55,22.45,2.55,4.45 Энциклопедия. (12+).

Суббота, 20 апреля
5.00,6.20,7.00,9.00,11.00,12.20,13.00,15.00,17.00,18.20,19.00,21.00,23.00,0.20,1.00,3.00 Аграрные университеты. (12+).
5.15,6.30,7.15,8.20,9.15,9.55,11.15,12.30,13.15,14.20,15.15,15.55,17.15,18.30,19.15,20.20,21.15,21.55,23.15,0.30,1.15,2.20,3.15,3.55 Календарь садовода и огородника. (12+).
5.20,5.55,6.55,7.50,11.20,11.55,12.55,13.50,17.20,17.55,18.55,19.50,23.20,23.55,0.55,1.50 Энциклопедия. (12+).
5.25,7.20,10.00,11.25,13.20,16.00,17.25,19.20,22.00,23.25,1.20,4.00 Аграрный вопрос. (12+).
6.00,12.00,18.00,0.00 Домашняя кухня. (12+).
6.35,9.35,12.35,15.35,18.35,21.35,0.35,3.35 Что посеешь. (12+).
7.55,13.55,19.55,1.55 Сельское утро. (12+).
8.25,14.25,20.25,2.25 Точка зрения. (12+).
9.20,15.20,21.20,3.20 Агробизнес. (12+).
10.30,16.30,22.30,4.30 Авторская программа А. Никольского. (12+).

Воскресенье, 21 апреля
5.00,7.00,9.00,11.00,13.00,15.00,17.00,19.00,21.00,23.00,1.00,3.00 АгроВести. Итоги. (12+).
5.30,6.25,7.30,8.30,9.30,10.25,11.30,12.25,13.30,14.30,15.30,16.25,17.30,18.25,19.30,20.30,21.30,22.25,23.30,0.25,1.30,2.30,3.30,4.25 Календарь садовода и огородника. (12+).
5.35,7.35,9.35,11.35,13.35,15.35,17.35,19.35,21.35,23.35,1.35,3.35 Агробизнес. (12+).
5.50,10.55,11.50,16.55,17.50,22.55,23.40,4.55 Энциклопедия. (12+).
5.55,11.55,17.55,23.55 Авторская программа А. Никольского. (12+).
6.30,10.30,12.30,16.30,18.30,22.30,0.30,4.30 Аграрный вопрос. (12+).
7.50,13.50,19.50,1.50 Точка зрения. (12+).
8.35,14.35,20.35,2.35 Сельское утро. (12+).
9.50,15.50,21.50,3.50 Что посеешь. (12+).
10.10,16.10,22.10,4.10 Аграрные университеты. (12+).











































































