IRT.

Понедельник, 15 апреля
5.58,7.58,11.58,15.58,17.58,20.58,22.58 Iнформацiйно-рекламний блок.
6.00,8.00,12.00,15.00,18.00,21.00,23.00 Життя мiста.
6.20,8.20,12.20,15.20,18.20,21.20,23.20 5 хвилин спорту.
6.30,8.30,12.30,15.30,18.30,21.30,23.30 Огляд преси i Афiша.
6.35,8.35,12.35,15.35,18.35,21.35,23.35 Кориснi новини.
6.55,8.55,12.55,15.55,18.55,21.55,23.55 Погода.
7.00,9.00,13.00,16.00,19.00,22.00,0.00 Гороскоп.
7.10,11.05,16.15,20.25,1.30 Здоров`я i краса.
7.25,11.25,16.35,20.50,1.50 Домiвка.
7.35,11.35,16.45,22.05,2.00 "Ми одружуємося".
9.05,13.05,17.10,22.25,2.25 Доньки-матерi.
9.15,13.15,17.25,22.40,2.40 Час вiдпочинку.
9.35,13.35,17.45,0.05,3.00 Бiбл. успiху.
9.45,13.50,19.05,0.10,3.10 Магазин.
10.00,14.05,19.15,0.25,3.25 "Полтава смiється".
10.10,14.15,19.25,0.35,3.35 Фiнансовий радник.
10.25,14.30,19.40,0.50,3.50 Iнтер`єр.
10.50,16.05,20.10,1.15,4.20 Автомобiль.

Вторник, 16 апреля
5.58,7.58,11.58,15.58,17.58,20.58,22.58 Iнформацiйно-рекламний блок.
6.00,8.00,12.00,15.00,18.00,21.00,23.00 Життя мiста.
6.20,8.20,12.20,15.20,18.20,21.20,23.20 5 хвилин спорту.
6.30,8.30,12.30,15.30,18.30,21.30,23.30 Огляд преси i Афiша.
6.35,8.35,12.35,15.35,18.35,21.35,23.35 Кориснi новини.
6.55,8.55,12.55,15.55,18.55,21.55,23.55 Погода.
7.00,9.00,13.00,16.00,19.00,22.00,0.00 Гороскоп.
7.05,11.05,16.05,20.15,1.20 Фiнансовий радник.
7.15,11.20,16.15,20.30,1.35 Магазин.
7.45,11.45,16.45,22.05,2.00 Автомобiль.
9.05,13.05,17.00,22.15,2.15 Iнтер`єр.
9.20,13.20,17.25,0.05,2.35 Бiбл. успiху.
9.30,13.30,17.35,22.35,2.45 "Ми одружуємося".
9.55,13.55,19.05,0.10,3.10 Доньки-матерi.
10.10,14.10,19.15,0.25,3.25 Час вiдпочинку.
10.30,14.25,19.35,0.45,3.45 Домiвка.
10.40,14.35,19.50,0.55,3.55 Здоров`я i краса.
10.55,14.50,20.05,1.10,4.10 "Полтава смiється".

Среда, 17 апреля
5.58,7.58,11.58,15.58,17.58,20.58,22.58 Iнформацiйно-рекламний блок.
6.00,8.00,12.00,15.00,18.00,21.00,23.00 Життя мiста.
6.20,8.20,12.20,15.20,18.20,21.20,23.20 5 хвилин спорту.
6.30,8.30,12.30,15.30,18.30,21.30,23.30 Огляд преси i Афiша.
6.35,8.35,12.35,15.35,18.35,21.35,23.35 Кориснi новини.
6.55,8.55,12.55,15.55,18.55,21.55,23.55 Погода.
7.00,9.00,13.00,16.00,19.00,22.00,0.00 Гороскоп.
7.05,11.00,16.05,20.05,1.05 "Ми одружуємося".
7.15,11.15,16.15,20.20,1.20 "Полтава смiється".
7.25,11.25,16.25,20.30,1.30 Доньки-матерi.
7.40,11.40,16.40,20.45,1.45 Час вiдпочинку.
9.05,13.05,17.00,22.05,2.00 Бобл. успiху.
9.10,13.10,17.10,22.10,2.10 Магазин.
9.35,13.35,17.35,22.35,2.35 Домiвка.
9.50,13.50,19.05,0.05,2.50 Здоров`я i краса.
10.15,14.15,19.30,0.30,3.20 Автомобiль.
10.30,14.30,19.45,0.45,3.35 Iнтер`єр.
10.50,14.50,17.50,22.50,3.55 Фiнансовий радник.

Четверг, 18 апреля
5.58,7.58,11.58,15.58,17.58,20.58,22.58 Iнформацiйно-рекламний блок.
6.00,8.00,12.00,15.00,18.00,21.00,23.00 Життя мiста.
6.20,8.20,12.20,15.20,18.20,21.20,23.20 5 хвилин спорту.
6.30,8.30,12.30,15.30,18.30,21.30,23.30 Огляд преси i Афiша.
6.35,8.35,12.35,15.35,18.35,21.35,23.35 Кориснi новини.
6.55,8.55,12.55,15.55,18.55,21.55,23.55 Погода.
7.00,9.00,13.00,16.00,19.00,22.00,0.00 Гороскоп.
7.05,11.00,16.05,20.05,1.15 Здоров`я i краса.
7.25,11.25,16.30,20.35,1.45 Автомобiль.
7.40,11.40,16.45,22.05,2.00 Iнтер`єр.
9.05,13.05,17.05,19.05,2.20 Фiнансовий радник.
9.10,13.10,17.15,22.20,2.30 "Полтава смiється".
9.35,13.35,20.50,22.45,2.55 Доньки-матерi.
9.50,13.50,17.40,0.05,3.10 Час вiдпочинку.
10.10,14.10,19.15,0.20,3.30 Бiбл. успiху.
10.20,14.15,19.25,0.35,3.40 Магазин.
10.35,14.30,19.40,0.50,3.55 "Ми одружуємося".
10.45,14.45,19.50,1.00,4.05 Домiвка.

Пятница, 19 апреля
5.58,7.58,11.58,15.58,17.58,20.58,22.58 Iнформацiйно-рекламний блок.
6.00,8.00,12.00,15.00,18.00,21.00,23.00 Життя мiста.
6.20,8.20,12.20,15.20,18.20,21.20,23.20 5 хвилин спорту.
6.30,8.30,12.30,15.30,18.30,21.30,23.30 Огляд преси i Афiша.
6.35,8.35,12.35,15.35,18.35,21.35,23.35 Кориснi новини.
6.55,8.55,12.55,15.55,18.55,21.55,23.55 Погода.
7.00,9.00,13.00,16.00,19.00,22.00,0.00 Гороскоп.
7.05,11.05,16.15,20.25,1.40 Час вiдпочинку.
7.20,11.25,16.35,20.45,2.00 Магазин.
7.35,11.40,16.50,22.05,2.15 "Ми одружуємося".
7.50,11.50,17.05,22.15,2.25 Фiнансовий радник.
9.05,13.05,17.15,22.25,2.35 Домiвка.
9.15,13.15,17.30,0.05,2.50 Здоров`я i краса.
9.40,13.45,19.05,22.40,3.20 Автомобiль.
9.55,14.00,19.15,0.30,3.35 Iнтер`єр.
10.15,14.25,19.35,0.50,3.55 "Полтава смiється".
10.25,14.35,19.45,1.00,4.05 "Кулiнарна країна".
10.45,14.55,20.05,1.20,4.25 Бiбл. успiху.
10.50,16.05,20.10,1.25,4.30 Доньки-матерi.

Суббота, 20 апреля
5.58,7.58,11.58,15.58,17.58,20.58,22.58 Iнформацiйно-рекламний блок.
6.00,8.00,12.00,15.00,18.00,21.00,23.00 Життя мiста.
6.20,8.20,12.20,15.20,18.20,21.20,23.20 5 хвилин спорту.
6.30,8.30,12.30,15.30,18.30,21.30,23.30 Огляд преси i Афiша.
6.35,8.35,12.35,15.35,18.35,21.35,23.35 Кориснi новини.
6.55,8.55,12.55,15.55,18.55,21.55,23.55 Погода.
7.00,9.00,13.00,16.00,19.00,22.00,0.00 Гороскоп.
7.05,11.10,16.20,20.25,1.25 Бiбл. успiху.
7.10,11.20,16.30,20.35,1.35 "Ми одружуємося".
7.35,11.45,16.55,22.05,2.00 Доньки-матерi.
7.50,13.20,17.25,0.05,2.35 Магазин.
9.05,13.05,17.10,22.15,2.15 Час вiдпочинку.
9.20,13.35,17.35,22.35,2.45 "Кулiнарна країна".
9.40,13.55,17.55,22.55,3.00 Фiнансовий радник.
9.45,14.00,19.05,0.10,3.10 Домiвка.
10.00,14.15,19.15,0.25,3.25 Здоров`я i краса.
10.20,14.35,19.35,0.45,3.45 "Полтава смiється".
10.30,14.45,19.45,0.55,3.55 Автомобiль.
10.45,16.05,20.00,1.10,4.10 Iнтер`єр.

Воскресенье, 21 апреля
5.58,7.58,11.58,15.58,17.58,20.58,22.58 Iнформацiйно-рекламний блок.
6.00,8.00,12.00,15.00,18.00,21.00,23.00 Життя мiста.
6.20,8.20,12.20,15.20,18.20,21.20,23.20 5 хвилин спорту.
6.30,8.30,12.30,15.30,18.30,21.30,23.30 Огляд преси i Афiша.
6.35,8.35,12.35,15.35,18.35,21.35,23.35 Кориснi новини.
6.55,8.55,12.55,15.55,18.55,21.55,23.55 Погода.
7.00,9.00,13.00,16.00,19.00,22.00,0.00 Гороскоп.
7.05,11.05,16.10,20.05,1.10 "Кулiнарна країна".
7.25,11.30,16.35,20.30,1.35 Домiвка.
7.40,13.30,17.30,22.30,2.45 Iнтер`єр.
9.05,13.05,16.50,22.05,2.00 Здоров`я i краса.
9.20,13.20,17.10,22.20,2.20 "Полтава смiється".
9.30,11.45,17.20,20.45,2.30 Автомобiль.
9.45,13.50,17.50,22.50,2.50 Фiнансовий радник.
9.55,14.00,19.05,0.05,3.05 "Ми одружуємося".
10.15,14.20,19.20,0.20,3.35 Бiбл. успiху.
10.20,14.25,19.25,0.25,3.30 Доньки-матерi.
10.35,14.40,19.40,0.40,3.45 Час вiдпочинку.
10.55,16.05,19.55,1.00,4.05 Магазин.



