Nick Jr.

Понедельник, 15 апреля
7.00,13.05,13.15,19.00,1.05,1.15 Маленькое королевство.
7.10,9.55,12.40,19.10,21.55,0.40 Гоу, Диего, гоу!
7.35,9.35,14.40,16.35,19.35,21.35,2.40,4.35 Умизуми.
8.00,10.30,17.50,20.00,22.30,5.50 Чудо-зверята.
8.10,8.20,12.05,17.10,20.10,20.20,0.05,5.10 Фифи и цветочные малыши.
8.30,10.50,15.25,18.35,20.30,22.50,3.25,6.35 Даша-путешественница.
9.00,13.25,18.10,21.00,1.25,6.10 Гуппи и пузырики.
9.20,17.00,21.20,5.00 Тик-Так.
10.20,11.30,16.15,22.20,23.30,4.15 Макс и Руби.
11.15,11.20,15.00,15.05,18.00,18.05,23.15,23.20,3.00,3.05,6.00,6.05 Луи.
11.55,12.00,15.15,15.20,23.55,0.00,3.15,3.20 Страусенок Олив.
12.15,14.15,17.25,0.15,2.15,5.25 Ни хао, Кай-Лан.
13.50,15.50,1.50,3.50 Малыш Билл.

Вторник, 16 апреля
7.00,13.05,13.15,19.00,1.05,1.15 Маленькое королевство.
7.10,9.55,12.40,19.10,21.55,0.40 Гоу, Диего, гоу!
7.35,9.35,14.40,16.35,19.35,21.35,2.40,4.35 Умизуми.
8.00,10.30,17.50,20.00,22.30,5.50 Чудо-зверята.
8.10,8.20,12.05,17.10,20.10,20.20,0.05,5.10 Фифи и цветочные малыши.
8.30,10.50,15.25,18.35,20.30,22.50,3.25,6.35 Даша-путешественница.
9.00,13.25,18.10,21.00,1.25,6.10 Гуппи и пузырики.
9.20,17.00,21.20,5.00 Тик-Так.
10.20,11.30,16.15,22.20,23.30,4.15 Макс и Руби.
11.15,11.20,15.00,15.05,18.00,18.05,23.15,23.20,3.00,3.05,6.00,6.05 Луи.
11.55,12.00,15.15,15.20,23.55,0.00,3.15,3.20 Страусенок Олив.
12.15,14.15,17.25,0.15,2.15,5.25 Ни хао, Кай-Лан.
13.50,15.50,1.50,3.50 Малыш Билл.

Среда, 17 апреля
7.00,13.05,13.15,19.00,1.05,1.15 Маленькое королевство.
7.10,9.55,12.40,19.10,21.55,0.40 Гоу, Диего, гоу!
7.35,9.35,14.40,16.35,19.35,21.35,2.40,4.35 Умизуми.
8.00,10.30,17.50,20.00,22.30,5.50 Чудо-зверята.
8.10,8.20,12.05,17.10,20.10,20.20,0.05,5.10 Фифи и цветочные малыши.
8.30,10.50,15.25,18.35,20.30,22.50,3.25,6.35 Даша-путешественница.
9.00,13.25,18.10,21.00,1.25,6.10 Гуппи и пузырики.
9.20,17.00,21.20,5.00 Тик-Так.
10.20,11.30,16.15,22.20,23.30,4.15 Макс и Руби.
11.15,11.20,15.00,15.05,18.00,18.05,23.15,23.20,3.00,3.05,6.00,6.05 Луи.
11.55,12.00,15.15,15.20,23.55,0.00,3.15,3.20 Страусенок Олив.
12.15,14.15,17.25,0.15,2.15,5.25 Ни хао, Кай-Лан.
13.50,15.50,1.50,3.50 Малыш Билл.

Четверг, 18 апреля
7.00,13.05,13.15,19.00,1.05,1.15 Маленькое королевство.
7.10,9.55,12.40,19.10,21.55,0.40 Гоу, Диего, гоу!
7.35,9.35,14.40,16.35,19.35,21.35,2.40,4.35 Умизуми.
8.00,10.30,17.50,20.00,22.30,5.50 Чудо-зверята.
8.10,8.20,12.05,17.10,20.10,20.20,0.05,5.10 Фифи и цветочные малыши.
8.30,10.50,15.25,18.35,20.30,22.50,3.25,6.35 Даша-путешественница.
9.00,13.25,18.10,21.00,1.25,6.10 Гуппи и пузырики.
9.20,17.00,21.20,5.00 Тик-Так.
10.20,11.30,16.15,22.20,23.30,4.15 Макс и Руби.
11.15,11.20,15.00,15.05,18.00,18.05,23.15,23.20,3.00,3.05,6.00,6.05 Луи.
11.55,12.00,15.15,15.20,23.55,0.00,3.15,3.20 Страусенок Олив.
12.15,14.15,17.25,0.15,2.15,5.25 Ни хао, Кай-Лан.
13.50,15.50,1.50,3.50 Малыш Билл.

Пятница, 19 апреля
7.00,13.05,13.15,19.00,1.05,1.15 Маленькое королевство.
7.10,9.55,12.40,19.10,21.55,0.40 Гоу, Диего, гоу!
7.35,9.35,14.40,16.35,19.35,21.35,2.40,4.35 Умизуми.
8.00,10.30,17.50,20.00,22.30,5.50 Чудо-зверята.
8.10,8.20,12.05,17.10,20.10,20.20,0.05,5.10 Фифи и цветочные малыши.
8.30,10.50,15.25,18.35,20.30,22.50,3.25,6.35 Даша-путешественница.
9.00,13.25,18.10,21.00,1.25,6.10 Гуппи и пузырики.
9.20,17.00,21.20,5.00 Тик-Так.
10.20,11.30,16.15,22.20,23.30,4.15 Макс и Руби.
11.15,11.20,15.00,15.05,18.00,18.05,23.15,23.20,3.00,3.05,6.00,6.05 Луи.
11.55,12.00,15.15,15.20,23.55,0.00,3.15,3.20 Страусенок Олив.
12.15,14.15,17.25,0.15,2.15,5.25 Ни хао, Кай-Лан.
13.50,15.50,1.50,3.50 Малыш Билл.

Суббота, 20 апреля
7.00,13.05,13.15,19.00,1.05,1.15 Маленькое королевство.
7.10,9.55,12.40,19.10,21.55,0.40 Гоу, Диего, гоу!
7.35,9.35,14.40,16.35,19.35,20.10,21.35,2.40,4.35,5.00 Умизуми.
8.00,10.30,17.50,20.00,22.30,5.50 Чудо-зверята.
8.10,8.20,12.05,17.10,0.05 Фифи и цветочные малыши.
8.30,10.50,15.25,18.35,22.50,3.25,6.35 Даша-путешественница.
9.00,13.25,18.10,21.00,1.25,6.10 Гуппи и пузырики.
9.20,17.00,21.20 Тик-Так.
10.20,11.30,16.15,22.20,23.30,4.15 Макс и Руби.
11.15,11.20,15.00,15.05,18.00,18.05,23.15,23.20,3.00,3.05,6.00,6.05 Луи.
11.55,12.00,15.15,15.20,23.55,0.00,3.15,3.20 Страусенок Олив.
12.15,14.15,17.25,0.15,2.15 Ни хао, Кай-Лан.
13.50,15.50,1.50,3.50 Малыш Билл.

Воскресенье, 21 апреля
7.00,13.05,13.15,19.00,1.05,1.15 Маленькое королевство.
7.10,9.55,12.40,19.10,21.55,0.40 Гоу, Диего, гоу!
7.35,8.10,9.35,14.40,16.35,17.00,19.35,21.35,2.40,4.35 Умизуми.
8.00,10.30,17.50,20.00,22.30,5.50 Чудо-зверята.
9.00,13.25,18.10,21.00,1.25,6.10 Гуппи и пузырики.
9.20,21.20,5.00 Тик-Так.
10.20,11.30,16.15,22.20,23.30,4.15 Макс и Руби.
10.50,15.25,18.35,20.30,22.50,3.25,6.35 Даша-путешественница.
11.15,11.20,15.00,15.05,18.00,18.05,23.15,23.20,3.00,3.05,6.00,6.05 Луи.
11.55,12.00,15.15,15.20,23.55,0.00,3.15,3.20 Страусенок Олив.
12.05,20.10,20.20,0.05,5.10 Фифи и цветочные малыши.
12.15,14.15,0.15,2.15,5.25 Ни хао, Кай-Лан.
13.50,15.50,1.50,3.50 Малыш Билл.




