UBR.

Понедельник, 15 апреля
6.30,7.30,8.30,9.30,10.30,11.30,12.30,13.30,14.30,15.30,16.30,17.30,18.30,19.30,20.31,21.31,22.30,23.30 Новости. World business.
6.40,7.40,8.40,9.40,10.40,11.40,12.40,13.40,14.40,15.40,16.40,17.40,18.40,19.40,20.41,21.41,22.40,23.40 Обзор прессы. Мир.
6.41,7.14,7.41,8.14,8.41,9.14,9.41,10.14,10.41,11.14,11.41,12.14,12.41,13.14,13.41,14.14,14.41,15.14,15.41,16.14,16.41,17.14,17.41,18.14,18.41,19.14,19.41,20.14,20.42,21.15,21.42,22.14,22.41,23.14,23.41,0.14 Спорт.
6.43,7.26,9.55,11.55,12.43,16.50,23.23 Прямая речь.
6.44,8.17,8.44,10.17,10.44,12.17,12.44,13.45,15.17,17.17,17.45,18.17,19.44,21.17,22.44,23.45,0.18 Первый миллион.
6.46,8.46,10.46,12.46,13.47,15.19,17.19,18.19,19.46,21.19,22.46 Личный капитал.
6.51,8.19,10.19,12.19,15.43,16.43,18.44,23.47,0.20 Идеи для бизнеса.
6.56,7.56,8.26,8.54,9.26,9.56,10.26,10.54,11.26,11.56,12.26,12.54,13.16,13.54,14.54,15.27,15.54,16.54,17.27,17.55,18.26,18.55,19.27,19.54,20.55,21.27,21.56,22.55,23.24,23.56 Промо.
6.58,7.58,8.58,9.58,10.58,11.58,12.58,13.58,14.58,15.58,16.58,17.58,18.58,19.58,20.59,21.58,22.58,23.54 Погода. Украина.
7.00,8.00,9.00,10.00,11.00,12.00,13.00,14.00,15.00,16.00,17.00,18.00,19.00,20.00,21.01,22.00,23.00,0.00 Новости.
7.10,8.10,9.10,10.10,11.10,12.10,13.10,14.10,15.10,16.10,17.10,18.10,19.10,20.10,21.11,22.10,23.10,0.10 Обзор прессы. Украина.
7.11,8.11,9.11,10.11,11.11,12.11,13.11,14.11,15.11,16.11,17.11,18.11,19.11,20.11,21.12,22.11,23.11,0.11 Новости компаний.
7.16,8.16,10.16,13.43 Анонс рубрики. Анонс сайта.
7.17,14.27,20.17,22.17,23.16 Полезные Факты. Украина.
7.18,7.43,9.44,11.44,13.18,14.17,14.44,19.17,20.18,20.45,21.44,22.18,23.17 Ринки/Капитал.
7.23,8.51,9.49,10.51,11.49,12.51,14.22,20.23,21.49 Право собственности.
7.25,8.43,10.43 Анонс дня.
7.27 Дни нарождения/календар.
7.28,8.28,9.28,10.28,11.28,12.28,13.28,14.28,15.28,16.28,17.28,18.28,19.28,20.29,21.29,22.28,23.28,0.27 Погода. Мир.
7.48,13.23,14.49,19.22,20.50,22.23 Мнение Эксперта.
7.53,9.51,11.51,14.24,15.50,16.51,18.51,20.25,21.51 Автомания.
8.24,10.24,12.24,15.48,16.48,18.49,21.54,22.53,0.25 Идеи для дома.
8.53,10.53,12.53,15.26,19.53 Интересная статистика/глоссарий.
9.16,9.54,11.16,11.54,17.43 Анонс сайта.
9.17,11.17,12.16,13.17,14.16,15.16,16.16,17.16,18.16,19.16 Новости оперативно.
9.18,11.18,16.17,17.47 Life-style.
9.23,11.23,16.22,17.52 Шоу-биз.
9.43,11.43,13.44,14.43,16.27,17.24,17.44,20.44,23.43,0.16 Без комментариев.
13.52,15.24,16.25,17.25,18.24,19.51,21.24,22.51,23.52 Travel-чек.
18.43,19.43,22.43 Прямая мова/Без комментариев.
20.16,22.16,23.22 Событие дня.
21.26,23.59,0.29 Анонс событий на завтра.
23.44,0.17 Анонс рубрик на завтра.

Вторник, 16 апреля
6.30,7.30,8.30,9.30,10.30,11.30,12.30,13.30,14.30,15.30,16.30,17.30,18.30,19.30,20.31,21.31,22.30,23.30 Новости. World business.
6.40,7.40,8.40,9.40,10.40,11.40,12.40,13.40,14.40,15.40,16.40,17.40,18.40,19.40,20.41,21.41,22.40,23.40 Обзор прессы. Мир.
6.41,7.14,7.41,8.14,8.41,9.14,9.41,10.14,10.41,11.14,11.41,12.14,12.41,13.14,13.41,14.14,14.41,15.14,15.41,16.14,16.41,17.14,17.41,18.14,18.41,19.14,19.41,20.14,20.42,21.15,21.42,22.14,22.41,23.14,23.41,0.14 Спорт.
6.43,7.26,9.55,11.55,12.43,16.50,23.23 Прямая речь.
6.44,8.17,8.44,10.17,10.44,12.17,12.44,13.45,15.17,17.17,17.45,18.17,19.44,21.17,22.44,23.45,0.18 Первый миллион.
6.46,8.46,10.46,12.46,13.47,15.19,17.19,18.19,19.46,21.19,22.46 Личный капитал.
6.51,8.19,10.19,12.19,15.43,16.43,18.44,23.47,0.20 Идеи для бизнеса.
6.56,7.56,8.26,8.54,9.26,9.56,10.26,10.54,11.26,11.56,12.26,12.54,13.16,13.54,14.54,15.27,15.54,16.54,17.27,17.55,18.26,18.55,19.27,19.54,20.55,21.27,21.56,22.55,23.24,23.56 Промо.
6.58,7.58,8.58,9.58,10.58,11.58,12.58,13.58,14.58,15.58,16.58,17.58,18.58,19.58,20.59,21.58,22.58,23.54 Погода. Украина.
7.00,8.00,9.00,10.00,11.00,12.00,13.00,14.00,15.00,16.00,17.00,18.00,19.00,20.00,21.01,22.00,23.00,0.00 Новости.
7.10,8.10,9.10,10.10,11.10,12.10,13.10,14.10,15.10,16.10,17.10,18.10,19.10,20.10,21.11,22.10,23.10,0.10 Обзор прессы. Украина.
7.11,8.11,9.11,10.11,11.11,12.11,13.11,14.11,15.11,16.11,17.11,18.11,19.11,20.11,21.12,22.11,23.11,0.11 Новости компаний.
7.16,8.16,10.16,13.43 Анонс рубрики. Анонс сайта.
7.17,14.27,20.17,22.17,23.16 Полезные Факты. Украина.
7.18,7.43,9.44,11.44,13.18,14.17,14.44,19.17,20.18,20.45,21.44,22.18,23.17 Ринки/Капитал.
7.23,8.51,9.49,10.51,11.49,12.51,14.22,20.23,21.49 Право собственности.
7.25,8.43,10.43 Анонс дня.
7.27 Дни нарождения/календар.
7.28,8.28,9.28,10.28,11.28,12.28,13.28,14.28,15.28,16.28,17.28,18.28,19.28,20.29,21.29,22.28,23.28,0.27 Погода. Мир.
7.48,13.23,14.49,19.22,20.50,22.23 Мнение Эксперта.
7.53,9.51,11.51,14.24,15.50,16.51,18.51,20.25,21.51 Автомания.
8.24,10.24,12.24,15.48,16.48,18.49,21.54,22.53,0.25 Идеи для дома.
8.53,10.53,12.53,15.26,19.53 Интересная статистика/глоссарий.
9.16,9.54,11.16,11.54,17.43 Анонс сайта.
9.17,11.17,12.16,13.17,14.16,15.16,16.16,17.16,18.16,19.16 Новости оперативно.
9.18,11.18,16.17,17.47 Life-style.
9.23,11.23,16.22,17.52 Шоу-биз.
9.43,11.43,13.44,14.43,16.27,17.24,17.44,20.44,23.43,0.16 Без комментариев.
13.52,15.24,16.25,17.25,18.24,19.51,21.24,22.51,23.52 Travel-чек.
18.43,19.43,22.43 Прямая мова/Без комментариев.
20.16,22.16,23.22 Событие дня.
21.26,23.59,0.29 Анонс событий на завтра.
23.44,0.17 Анонс рубрик на завтра.

Среда, 17 апреля
6.30,7.30,8.30,9.30,10.30,11.30,12.30,13.30,14.30,15.30,16.30,17.30,18.30,19.30,20.31,21.31,22.30,23.30 Новости. World business.
6.40,7.40,8.40,9.40,10.40,11.40,12.40,13.40,14.40,15.40,16.40,17.40,18.40,19.40,20.41,21.41,22.40,23.40 Обзор прессы. Мир.
6.41,7.14,7.41,8.14,8.41,9.14,9.41,10.14,10.41,11.14,11.41,12.14,12.41,13.14,13.41,14.14,14.41,15.14,15.41,16.14,16.41,17.14,17.41,18.14,18.41,19.14,19.41,20.14,20.42,21.15,21.42,22.14,22.41,23.14,23.41,0.14 Спорт.
6.43,7.26,9.55,11.55,12.43,16.50,23.23 Прямая речь.
6.44,8.17,8.44,10.17,10.44,12.17,12.44,13.45,15.17,17.17,17.45,18.17,19.44,21.17,22.44,23.45,0.18 Первый миллион.
6.46,8.46,10.46,12.46,13.47,15.19,17.19,18.19,19.46,21.19,22.46 Личный капитал.
6.51,8.19,10.19,12.19,15.43,16.43,18.44,23.47,0.20 Идеи для бизнеса.
6.56,7.56,8.26,8.54,9.26,9.56,10.26,10.54,11.26,11.56,12.26,12.54,13.16,13.54,14.54,15.27,15.54,16.54,17.27,17.55,18.26,18.55,19.27,19.54,20.55,21.27,21.56,22.55,23.24,23.56 Промо.
6.58,7.58,8.58,9.58,10.58,11.58,12.58,13.58,14.58,15.58,16.58,17.58,18.58,19.58,20.59,21.58,22.58,23.54 Погода. Украина.
7.00,8.00,9.00,10.00,11.00,12.00,13.00,14.00,15.00,16.00,17.00,18.00,19.00,20.00,21.01,22.00,23.00,0.00 Новости.
7.10,8.10,9.10,10.10,11.10,12.10,13.10,14.10,15.10,16.10,17.10,18.10,19.10,20.10,21.11,22.10,23.10,0.10 Обзор прессы. Украина.
7.11,8.11,9.11,10.11,11.11,12.11,13.11,14.11,15.11,16.11,17.11,18.11,19.11,20.11,21.12,22.11,23.11,0.11 Новости компаний.
7.16,8.16,10.16,13.43 Анонс рубрики. Анонс сайта.
7.17,14.27,20.17,22.17,23.16 Полезные Факты. Украина.
7.18,7.43,9.44,11.44,13.18,14.17,14.44,19.17,20.18,20.45,21.44,22.18,23.17 Ринки/Капитал.
7.23,8.51,9.49,10.51,11.49,12.51,14.22,20.23,21.49 Право собственности.
7.25,8.43,10.43 Анонс дня.
7.27 Дни нарождения/календар.
7.28,8.28,9.28,10.28,11.28,12.28,13.28,14.28,15.28,16.28,17.28,18.28,19.28,20.29,21.29,22.28,23.28,0.27 Погода. Мир.
7.48,13.23,14.49,19.22,20.50,22.23 Мнение Эксперта.
7.53,9.51,11.51,14.24,15.50,16.51,18.51,20.25,21.51 Автомания.
8.24,10.24,12.24,15.48,16.48,18.49,21.54,22.53,0.25 Идеи для дома.
8.53,10.53,12.53,15.26,19.53 Интересная статистика/глоссарий.
9.16,9.54,11.16,11.54,17.43 Анонс сайта.
9.17,11.17,12.16,13.17,14.16,15.16,16.16,17.16,18.16,19.16 Новости оперативно.
9.18,11.18,16.17,17.47 Life-style.
9.23,11.23,16.22,17.52 Шоу-биз.
9.43,11.43,13.44,14.43,16.27,17.24,17.44,20.44,23.43,0.16 Без комментариев.
13.52,15.24,16.25,17.25,18.24,19.51,21.24,22.51,23.52 Travel-чек.
18.43,19.43,22.43 Прямая мова/Без комментариев.
20.16,22.16,23.22 Событие дня.
21.26,23.59,0.29 Анонс событий на завтра.
23.44,0.17 Анонс рубрик на завтра.

Четверг, 18 апреля
6.30,7.30,8.30,9.30,10.30,11.30,12.30,13.30,14.30,15.30,16.30,17.30,18.30,19.30,20.31,21.31,22.30,23.30 Новости. World business.
6.40,7.40,8.40,9.40,10.40,11.40,12.40,13.40,14.40,15.40,16.40,17.40,18.40,19.40,20.41,21.41,22.40,23.40 Обзор прессы. Мир.
6.41,7.14,7.41,8.14,8.41,9.14,9.41,10.14,10.41,11.14,11.41,12.14,12.41,13.14,13.41,14.14,14.41,15.14,15.41,16.14,16.41,17.14,17.41,18.14,18.41,19.14,19.41,20.14,20.42,21.15,21.42,22.14,22.41,23.14,23.41,0.14 Спорт.
6.43,7.26,9.55,11.55,12.43,16.50,23.23 Прямая речь.
6.44,8.17,8.44,10.17,10.44,12.17,12.44,13.45,15.17,17.17,17.45,18.17,19.44,21.17,22.44,23.45,0.18 Первый миллион.
6.46,8.46,10.46,12.46,13.47,15.19,17.19,18.19,19.46,21.19,22.46 Личный капитал.
6.51,8.19,10.19,12.19,15.43,16.43,18.44,23.47,0.20 Идеи для бизнеса.
6.56,7.56,8.26,8.54,9.26,9.56,10.26,10.54,11.26,11.56,12.26,12.54,13.16,13.54,14.54,15.27,15.54,16.54,17.27,17.55,18.26,18.55,19.27,19.54,20.55,21.27,21.56,22.55,23.24,23.56 Промо.
6.58,7.58,8.58,9.58,10.58,11.58,12.58,13.58,14.58,15.58,16.58,17.58,18.58,19.58,20.59,21.58,22.58,23.54 Погода. Украина.
7.00,8.00,9.00,10.00,11.00,12.00,13.00,14.00,15.00,16.00,17.00,18.00,19.00,20.00,21.01,22.00,23.00,0.00 Новости.
7.10,8.10,9.10,10.10,11.10,12.10,13.10,14.10,15.10,16.10,17.10,18.10,19.10,20.10,21.11,22.10,23.10,0.10 Обзор прессы. Украина.
7.11,8.11,9.11,10.11,11.11,12.11,13.11,14.11,15.11,16.11,17.11,18.11,19.11,20.11,21.12,22.11,23.11,0.11 Новости компаний.
7.16,8.16,10.16,13.43 Анонс рубрики. Анонс сайта.
7.17,14.27,20.17,22.17,23.16 Полезные Факты. Украина.
7.18,7.43,9.44,11.44,13.18,14.17,14.44,19.17,20.18,20.45,21.44,22.18,23.17 Ринки/Капитал.
7.23,8.51,9.49,10.51,11.49,12.51,14.22,20.23,21.49 Право собственности.
7.25,8.43,10.43 Анонс дня.
7.27 Дни нарождения/календар.
7.28,8.28,9.28,10.28,11.28,12.28,13.28,14.28,15.28,16.28,17.28,18.28,19.28,20.29,21.29,22.28,23.28,0.27 Погода. Мир.
7.48,13.23,14.49,19.22,20.50,22.23 Мнение Эксперта.
7.53,9.51,11.51,14.24,15.50,16.51,18.51,20.25,21.51 Автомания.
8.24,10.24,12.24,15.48,16.48,18.49,21.54,22.53,0.25 Идеи для дома.
8.53,10.53,12.53,15.26,19.53 Интересная статистика/глоссарий.
9.16,9.54,11.16,11.54,17.43 Анонс сайта.
9.17,11.17,12.16,13.17,14.16,15.16,16.16,17.16,18.16,19.16 Новости оперативно.
9.18,11.18,16.17,17.47 Life-style.
9.23,11.23,16.22,17.52 Шоу-биз.
9.43,11.43,13.44,14.43,16.27,17.24,17.44,20.44,23.43,0.16 Без комментариев.
13.52,15.24,16.25,17.25,18.24,19.51,21.24,22.51,23.52 Travel-чек.
18.43,19.43,22.43 Прямая мова/Без комментариев.
20.16,22.16,23.22 Событие дня.
21.26,23.59,0.29 Анонс событий на завтра.
23.44,0.17 Анонс рубрик на завтра.

Пятница, 19 апреля
6.30,7.30,8.30,9.30,10.30,11.30,12.30,13.30,14.30,15.30,16.30,17.30,18.30,19.30,20.31,21.31,22.30,23.30 Новости. World business.
6.40,7.40,8.40,9.40,10.40,11.40,12.40,13.40,14.40,15.40,16.40,17.40,18.40,19.40,20.41,21.41,22.40,23.40 Обзор прессы. Мир.
6.41,7.14,7.41,8.14,8.41,9.14,9.41,10.14,10.41,11.14,11.41,12.14,12.41,13.14,13.41,14.14,14.41,15.14,15.41,16.14,16.41,17.14,17.41,18.14,18.41,19.14,19.41,20.14,20.42,21.15,21.42,22.14,22.41,23.14,23.41,0.14 Спорт.
6.43,7.26,9.55,11.55,12.43,16.50,23.23 Прямая речь.
6.44,8.17,8.44,10.17,10.44,12.17,12.44,13.45,15.17,17.17,17.45,18.17,19.44,21.17,22.44,23.45,0.18 Первый миллион.
6.46,8.46,10.46,12.46,13.47,15.19,17.19,18.19,19.46,21.19,22.46 Личный капитал.
6.51,8.19,10.19,12.19,15.43,16.43,18.44,23.47,0.20 Идеи для бизнеса.
6.56,7.56,8.26,8.54,9.26,9.56,10.26,10.54,11.26,11.56,12.26,12.54,13.16,13.54,14.54,15.27,15.54,16.54,17.27,17.55,18.26,18.55,19.27,19.54,20.55,21.27,21.56,22.55,23.24,23.56 Промо.
6.58,7.58,8.58,9.58,10.58,11.58,12.58,13.58,14.58,15.58,16.58,17.58,18.58,19.58,20.59,21.58,22.58,23.54 Погода. Украина.
7.00,8.00,9.00,10.00,11.00,12.00,13.00,14.00,15.00,16.00,17.00,18.00,19.00,20.00,21.01,22.00,23.00,0.00 Новости.
7.10,8.10,9.10,10.10,11.10,12.10,13.10,14.10,15.10,16.10,17.10,18.10,19.10,20.10,21.11,22.10,23.10,0.10 Обзор прессы. Украина.
7.11,8.11,9.11,10.11,11.11,12.11,13.11,14.11,15.11,16.11,17.11,18.11,19.11,20.11,21.12,22.11,23.11,0.11 Новости компаний.
7.16,8.16,10.16,13.43 Анонс рубрики. Анонс сайта.
7.17,14.27,20.17,22.17,23.16 Полезные Факты. Украина.
7.18,7.43,9.44,11.44,13.18,14.17,14.44,19.17,20.18,20.45,21.44,22.18,23.17 Ринки/Капитал.
7.23,8.51,9.49,10.51,11.49,12.51,14.22,20.23,21.49 Право собственности.
7.25,8.43,10.43 Анонс дня.
7.27 Дни нарождения/календар.
7.28,8.28,9.28,10.28,11.28,12.28,13.28,14.28,15.28,16.28,17.28,18.28,19.28,20.29,21.29,22.28,23.28,0.27 Погода. Мир.
7.48,13.23,14.49,19.22,20.50,22.23 Мнение Эксперта.
7.53,9.51,11.51,14.24,15.50,16.51,18.51,20.25,21.51 Автомания.
8.24,10.24,12.24,15.48,16.48,18.49,21.54,22.53,0.25 Идеи для дома.
8.53,10.53,12.53,15.26,19.53 Интересная статистика/глоссарий.
9.16,9.54,11.16,11.54,17.43 Анонс сайта.
9.17,11.17,12.16,13.17,14.16,15.16,16.16,17.16,18.16,19.16 Новости оперативно.
9.18,11.18,16.17,17.47 Life-style.
9.23,11.23,16.22,17.52 Шоу-биз.
9.43,11.43,13.44,14.43,16.27,17.24,17.44,20.44,23.43,0.16 Без комментариев.
13.52,15.24,16.25,17.25,18.24,19.51,21.24,22.51,23.52 Travel-чек.
18.43,19.43,22.43 Прямая мова/Без комментариев.
20.16,22.16,23.22 Событие дня.
21.26,23.59,0.29 Анонс событий на завтра.
23.44,0.17 Анонс рубрик на завтра.

Суббота, 20 апреля
6.30,7.00,8.00,9.00,10.00,11.00,12.00,13.00,14.00,15.00,16.00,17.00,18.00,19.00,20.00,21.00,22.00,23.00,0.00 Новости.
6.40,8.10,10.10,12.10,14.10,16.10,18.10,20.10,22.10,0.10 Спорт 1.
6.44,8.14,10.14,12.14,14.14,16.14,18.14,20.14,22.14 Автомания.
6.54,7.24,7.46,8.24,8.54,9.24,9.46,10.24,10.54,11.24,11.46,12.24,12.54,13.24,13.46,14.24,14.54,15.24,15.46,16.24,16.54,17.24,17.46,18.24,18.54,19.24,19.46,20.24,20.54,21.24,21.46,22.24,22.54,23.24,23.46,0.26 Промо. Реклама.
6.58,7.58,8.58,9.58,10.58,11.58,12.58,13.58,14.58,15.58,16.58,17.58,18.58,19.58,20.58,21.58,22.58,23.58 Погода. Украина.
7.10,9.10,11.10,13.10,15.10,17.10,19.10,21.10,23.10 Спорт 2.
7.14,9.14,11.14,13.14,15.14,17.14,19.14,21.14,23.14 Капитал.
7.28,8.28,9.28,10.28,11.28,12.28,13.28,14.28,15.28,16.28,17.28,18.28,19.28,20.28,21.28,22.28,23.28,0.28 Погода. Мир.
7.30,9.30,11.30,13.30,15.30,17.30,19.30,21.30,23.30 Идеи для бизнеса.
7.40,9.40,11.40,13.40,15.40,17.40,19.40,21.40,23.40 Идеи для дома.
7.48,9.48,11.48,13.48,15.48,17.48,19.48,21.48,23.48 Рынки.
8.30,10.30,12.30,14.30,16.30,18.30,20.30,22.30 Личный капитал.
8.40,10.40,12.40,14.40,16.40,18.40,20.40,22.40,0.20 Право собственности.
8.46,10.46,12.46,14.46,16.46,18.46,20.46,22.46,0.14 Travel-чек.
8.48,10.48,12.48,14.48,16.48,18.48,20.48,22.48 Шоу-биз.

Воскресенье, 21 апреля
6.30,7.00,9.00,11.00,13.00,15.00,17.00,19.00,21.00,23.00 Главное за неделю.
6.50,7.40,9.40,11.40,13.40,15.40,17.40,19.40,21.40,23.40 Полезные советы.
6.56,7.20,7.54,8.26,8.54,9.20,9.54,10.26,10.54,11.20,11.54,12.26,12.54,13.20,13.54,14.26,14.54,15.20,15.54,16.26,16.54,17.20,17.54,18.26,18.54,19.20,19.54,20.26,20.54,21.20,21.54,22.26,22.54,23.20,23.54,0.25 Реклама. Промо.
6.58,7.58,8.58,9.58,10.58,11.58,12.58,13.58,14.58,15.58,16.58,17.58,18.58,19.58,20.58,21.58,22.58,23.58 Погода. Украина.
7.24,9.24,11.24,13.24,15.24,17.24,19.24,21.24,23.24 Life style: Стиль.
7.28,8.28,9.28,10.28,11.28,12.28,13.28,14.28,15.28,16.28,17.28,18.28,19.28,20.28,21.28,22.28,23.28,0.28 Погода. Мир.
7.30,9.30,11.30,13.30,15.30,17.30,19.30,21.30,23.30 Идеи для бизнеса.
7.44,9.44,11.44,13.44,15.44,17.44,19.44,21.44,23.44 Личный капитал 2.
8.00,10.00,12.00,14.00,16.00,18.00,20.00,22.00,0.00 World business. Итоговый.
8.15,10.15,12.15,14.15,16.15,18.15,20.15,22.15 Life style: Инновации.
8.20,10.20,12.20,14.20,16.20,18.20,20.20,22.20,0.15 Идеи для дома.
8.30,10.30,12.30,14.30,16.30,18.30,20.30,22.30 Life style: Здоровье.
8.36,10.36,12.36,14.36,16.36,18.36,20.36,22.36 Полезные советы 2.
8.44,10.44,12.44,14.44,16.44,18.44,20.44,22.44,0.21 Право собственности.
8.48,10.48,12.48,14.48,16.48,18.48,20.48,22.48 Шоу-биз.







































































