World Fashion Channel.

Понедельник, 15 апреля
4.00,4.25,5.40,6.10,6.35,7.40,8.10,8.30,9.40,10.10,10.35,11.55,12.30,13.35,14.10,14.35,15.40,16.10,16.35,17.40,18.10,18.35,19.35,20.00,20.30,21.35,22.00,22.30,23.40,0.10,0.30,1.40,2.10,2.35,3.35 Подиумы мира. (16+).
4.10,6.30,8.20,10.30,13.30,17.35,19.25,21.30,0.20,2.30,3.25 Искусство моды. (16+).
4.15,6.25,8.15,10.20,14.00,16.00,18.20,19.50,21.50,0.15,2.20,3.50 Топ-модели. (16+).
4.20,8.55,12.25,15.55,18.05,20.25,21.55,0.55 Портфолио. (16+).
4.35,5.55,7.20,9.30,12.20,14.20,15.25,17.25,19.20,21.25,23.20,1.30,3.20 Фотостудия. (16+).
4.40,6.40,7.55,9.25,11.30,13.45,15.30,17.55,20.10,22.15,23.55,1.25 Ретроспектива. (16+).
4.50 Дом моды. (16+).
5.00,7.00,9.00,11.00,13.00,15.00,17.00,19.00,21.00,23.00,1.00,3.00 Полный показ. (16+).
5.20,7.50,10.00,12.45,14.30,16.25,18.25,20.40,22.50,23.50,2.00 Тенденции. (16+).
5.30,6.20,7.35,8.25,9.50,11.25,12.15,13.20,14.50,16.05,17.50,18.55,20.20,21.20,22.25,23.35,0.25,1.50 Мода изнутри. (16+).
5.35,7.30,12.05,14.40,16.20,18.30,19.55,22.10,23.30,3.55 Имена. (16+).
5.50,6.55,8.05,9.20,10.05,11.50,12.50,14.45,15.50,17.20,18.45,19.45,20.45,21.45,22.45,0.05,1.20,2.05,3.45 Модные события. (16+).
6.00,10.25,13.15,14.25,16.30,18.50,20.55,22.40,2.25 Стиль знаменитостей. (16+).
6.05,15.20 Дайджест. (16+).
6.50,13.25,19.30,3.30 Первый ряд. (16+).
8.40,16.45,0.40 Дизайнеры. (16+).
10.45,2.45 День с моделью. (16+).
12.40,20.50 Кастинги. (16+).

Вторник, 16 апреля
4.00,4.30,5.35,6.00,6.30,7.40,8.10,8.35,9.40,10.10,10.35,11.30,12.00,12.25,13.40,14.10,14.35,15.55,16.30,17.35,18.10,18.35,19.40,20.05,20.35,21.40,22.05,22.30,23.30,0.00,0.25,1.40,2.10,2.35,3.40 Подиумы мира. (16+).
4.10,6.15,7.30,9.55,12.40,14.40,15.30,17.45,19.30,22.40,0.40,2.40,3.30 Ретроспектива. (16+).
4.20,5.20,6.25,8.05,9.50,10.55,11.15,13.30,14.20,15.25,16.15,17.20,18.50,19.25,20.20,22.00,23.15,1.30,2.20 Мода изнутри. (16+).
4.25,5.55,7.55,10.05,12.20,16.25,20.15,20.55,22.45,0.20,3.55 Портфолио. (16+).
4.40,6.50,8.25,10.25,13.20,16.45,18.30,20.25,22.55,1.20 Тенденции. (16+).
4.45,5.45,6.45,7.50,9.20,10.45,11.50,13.50,14.55,15.50,16.50,18.45,19.20,20.00,21.30,22.50,23.50,1.50,2.55,3.50 Модные события. (16+).
4.50,11.40,16.40,23.40 Кастинги. (16+).
4.55,6.40,8.30,10.50,11.45,14.00,17.15,18.25,21.35,23.45,2.00 Стиль знаменитостей. (16+).
5.00,7.00,9.00,11.00,13.00,15.00,17.00,19.00,21.00,23.00,1.00,3.00 Полный показ. (16+).
5.25,7.25,9.25,12.35,13.55,16.20,18.20,20.30,22.20,0.35,1.55,3.25 Фотостудия. (16+).
5.30,9.35,12.10,14.30,17.30,21.20,0.10,2.30 Искусство моды. (16+).
5.50,8.00,10.20,12.15,14.25,18.00,19.50,22.15,0.15,2.25 Топ-модели. (16+).
6.10,8.20,10.30,11.20,13.35,16.05,18.40,19.55,23.20,1.35 Имена. (16+).
7.20,14.05,22.25,2.05,3.20 Дайджест. (16+).
8.45,20.40 Дизайнеры. (16+).
11.25,14.50,17.25,23.25,2.50 Первый ряд. (16+).
12.50,0.50 Дом моды. (16+).
21.50 День с моделью. (16+).

Среда, 17 апреля
4.00,6.20,10.00,11.50,14.15,15.50,17.50,20.15,22.20,1.30 Топ-модели. (16+).
4.05,5.50,6.55,7.25,8.15,9.20,10.50,11.25,12.20,14.00,16.20,17.20,18.25,19.35,20.25,21.50,23.45,1.20,2.40,3.55 Мода изнутри. (16+).
4.10,4.35,5.40,6.10,6.35,7.55,8.30,9.35,10.10,10.35,11.40,12.05,12.35,13.40,14.05,14.30,15.35,16.00,16.30,17.35,18.00,18.30,19.40,20.10,20.30,21.40,22.10,22.35,23.35,0.10,0.45,1.35,2.00,2.30,3.35 Подиумы мира. (16+).
4.20,6.30,8.05,10.40,11.55,15.55,18.10,19.30,23.50,3.20 Имена. (16+).
4.25,6.25,8.45,10.30,12.25,14.55,16.40,18.50,19.50,22.00,23.20,2.45,3.30 Тенденции. (16+).
4.30,6.50,9.15,10.25,13.35,16.55,18.40,22.25,0.40 Стиль знаменитостей. (16+).
4.45,12.40,20.40,2.10 Дизайнеры. (16+).
5.00,7.00,9.00,11.00,13.00,15.00,17.00,19.00,21.00,23.00,1.00,3.00 Полный показ. (16+).
5.20,6.45,7.50,8.50,10.45,11.20,12.00,13.30,14.50,15.45,16.45,17.45,18.45,20.05,21.20,22.05,23.25,0.50,1.45,3.25 Модные события. (16+).
5.25,8.20,10.20,12.30,14.20,15.20,17.25,19.20,21.30,0.00,1.25,3.45 Фотостудия. (16+).
5.35,9.30,13.20,15.25,17.30,20.20,22.30,1.50 Искусство моды. (16+).
5.55,7.30,9.45,11.30,14.40,16.10,18.15,19.55,21.25,0.30,2.50 Ретроспектива. (16+).
6.05,8.25,12.15,12.55,14.45,16.25,17.55,20.55,0.55,2.25 Портфолио. (16+).
8.40,16.50 Кастинги. (16+).
9.25,15.30,1.55 Первый ряд. (16+).
13.50,22.45,0.20 День с моделью. (16+).
14.25,23.30 Дайджест. (16+).

Четверг, 18 апреля
4.00,6.25,8.25,11.30,13.35,16.55,18.30,20.45,22.10,0.25 Портфолио. (16+).
4.05,4.35,5.40,6.10,6.35,7.35,8.05,8.30,9.35,9.55,10.25,11.35,12.05,12.35,13.40,14.00,14.30,15.35,16.05,16.30,17.35,18.05,18.35,19.35,20.00,20.25,21.35,22.00,22.30,23.35,0.05,0.30,1.35,1.55,2.25,3.35 Подиумы мира. (16+).
4.15,5.25,6.45,7.30,8.45,9.40,10.40,11.45,12.50,13.50,14.45,15.55,16.40,17.45,18.50,19.30,20.35,21.55,22.40,23.30,0.45,1.40,2.40,3.30 Модные события. (16+).
4.20,5.55,8.00,9.20,12.45,15.20,19.25,21.30,0.00,1.20,3.25 Топ-модели. (16+).
4.25,7.25,9.45,12.15,14.10,16.20,19.20,20.50,21.50,23.25,1.45,3.20 Искусство моды. (16+).
4.45,6.55,7.50,13.25,15.45,18.25,21.20,22.50,23.50 Ретроспектива. (16+).
4.55,11.20 Дайджест. (16+).
5.00,7.00,9.00,11.00,13.00,15.00,17.00,19.00,21.00,23.00,1.00,3.00 Полный показ. (16+).
5.20,7.45,10.35,12.25,14.20,15.30,17.50,19.55,21.45,23.45,2.35,3.55 Стиль знаменитостей. (16+).
5.30,8.20,10.55,12.00,14.55,17.20,18.55,20.20,22.25,0.20,2.55 Имена. (16+).
5.50,6.30,7.20,8.15,8.55,10.20,11.25,12.30,14.25,15.25,16.45,17.55,18.45,19.45,20.15,21.25,22.15,23.20,0.15,0.55,2.20,3.45 Мода изнутри. (16+).
6.00,9.25,10.45,12.55,14.40,16.15,18.15,19.50,22.20,1.25,2.45,3.50 Фотостудия. (16+).
6.20,13.20 Кастинги. (16+).
6.50,8.50,9.50,13.55,16.00,18.00,20.10,0.50,1.50 Тенденции. (16+).
9.30,1.30 Первый ряд. (16+).
10.05,2.05 Дизайнеры. (16+).
11.50,17.25 День с моделью. (16+).

Пятница, 19 апреля
4.00,4.25,5.35,6.00,6.30,7.35,8.05,8.30,9.35,10.05,10.35,11.35,12.05,12.35,13.40,14.10,14.35,15.35,16.05,16.35,17.40,18.00,18.30,19.35,20.10,20.45,21.35,22.00,22.30,23.35,0.05,0.35,1.40,2.10,2.35,3.35 Подиумы мира. (16+).
4.10,8.00,10.00,11.30,14.50,17.55,19.20,22.45,23.30,2.50 Тенденции. (16+).
4.15,5.25,6.15,7.25,8.45,9.55,10.45,11.55,13.50,14.30,15.25,16.30,18.25,19.45,21.20,22.40,23.55,1.50,2.30,3.25 Мода изнутри. (16+).
4.20,6.25,9.20,10.55,11.20,13.30,16.00,18.55,19.50,23.20,1.30 Имена. (16+).
4.35,5.55,6.40,7.55,8.40,9.45,10.50,11.25,12.15,13.25,14.45,15.45,16.50,17.50,18.45,19.25,20.50,21.45,23.25,0.15,1.25,2.45,3.55 Модные события. (16+).
4.45,6.10,8.55,10.30,12.00,14.25,15.30,17.35,20.55,22.25,0.00,2.25 Портфолио. (16+).
4.50,5.50,8.20,12.25,16.15,18.10,21.50,0.25 Искусство моды. (16+).
5.00,7.00,9.00,11.00,13.00,15.00,17.00,19.00,21.00,23.00,1.00,3.00 Полный показ. (16+).
5.20,6.50,7.45,10.25,12.45,14.55,17.25,20.30,22.50,0.45,2.55,3.45 Ретроспектива. (16+).
5.30,7.20,12.20,13.55,16.45,21.30,0.20,1.55,3.20 Топ-модели. (16+).
5.45,7.30,9.50,13.20,16.25,18.20,20.40,1.20,3.30 Стиль знаменитостей. (16+).
6.20,8.15,10.15,11.45,14.00,16.55,18.40,20.00,21.25,23.45,2.00 Фотостудия. (16+).
9.25,15.50,20.20 День с моделью. (16+).
12.55,15.20,19.30,0.55 Дайджест. (16+).
14.20,17.20,2.20 Кастинги. (16+).
21.55 Первый ряд. (16+).
22.10 Дизайнеры. (16+).

Суббота, 20 апреля
4.00,6.00,9.55,11.20,14.45,16.10,20.50,21.50,0.45,2.30 Тенденции. (16+).
4.05,4.30,5.35,6.05,6.35,7.35,8.05,8.35,9.40,10.00,10.30,11.35,12.10,12.45,13.35,14.00,14.30,15.35,16.00,16.25,17.35,18.00,18.30,19.35,20.05,20.30,21.35,21.55,22.25,0.30,1.35,2.10,2.35,3.35 Подиумы мира. (16+).
4.15,6.15,8.55,10.40,12.00,13.25,15.50,18.20,21.25,22.45,0.20,2.20 Фотостудия. (16+).
4.20,8.15,10.10,13.50,15.20,16.50,17.50,19.25,21.45,1.30,3.25 Искусство моды. (16+).
4.40,5.45,6.50,7.45,8.50,9.50,10.45,11.25,12.50,13.45,15.30,16.35,17.55,18.40,19.30,20.45,21.40,22.40,0.50,2.45,3.30 Модные события. (16+).
4.45,5.55,6.45,7.25,8.30,10.25,11.45,13.20,14.40,15.45,16.15,17.25,18.15,19.20,20.15,20.55,22.20,0.15,1.20,2.50,3.20 Мода изнутри. (16+).
4.55,6.30,7.30,9.35,12.55,14.25,16.45,18.10,20.25,0.25 Портфолио. (16+).
5.00,7.00,9.00,11.00,13.00,15.00,17.00,19.00,21.00,1.00,3.00 Полный показ. (16+).
5.20,6.55,8.00,10.55,11.50,16.20,18.25,20.20,22.55,0.05,2.40 Имена. (16+).
5.25,7.50,12.20 День с моделью. (16+).
5.50,8.25,10.20,12.40,15.55,17.45,19.45,22.35,1.15,2.25,3.45 Стиль знаменитостей. (16+).
6.25,9.25,12.30,14.50,17.20,18.50,19.50,1.45,3.50 Ретроспектива. (16+).
7.20,11.30 Дайджест. (16+).
8.45,13.30,15.25,17.30,20.00,21.20,2.00 Топ-модели. (16+).
9.20,0.40 Кастинги. (16+).
13.55,21.30,1.25 Первый ряд. (16+).
14.10,22.05 Дизайнеры. (16+).

Воскресенье, 21 апреля
4.00,5.20,7.50,9.50,12.15,14.20,16.20,17.55,20.15,22.25 Топ-модели. (16+).
4.05,4.30,5.35,5.55,6.25,7.35,8.00,8.30,9.35,10.00,10.30,11.40,12.10,12.30,13.40,14.10,14.35,15.35,16.05,16.35,17.40,18.10,18.35,19.30,20.00,20.25,21.40,22.10,22.35 Подиумы мира. (16+).
4.15,4.55,6.20,8.20,9.20,10.25,11.35,12.25,13.50,15.55,17.50,18.30,19.15,21.30,22.20 Мода изнутри. (16+).
4.20,6.55,7.55,10.10,11.30,15.20,17.30,19.20,21.35 Имена. (16+).
4.25,8.25,9.55,12.55,16.00,18.25,20.20 Портфолио. (16+).
4.45,5.40,6.40,7.45,8.45,9.45,10.45,12.05,13.20,14.05,15.25,16.15,17.25,18.45,19.50,21.50 Модные события. (16+).
4.50,5.50,8.40,10.50,11.50,14.00,15.30,18.50,21.20 Тенденции. (16+).
5.00,7.00,9.00,11.00,13.00,15.00,17.00,19.00,21.00 Полный показ. (16+).
5.25,6.45,7.20,9.25,11.20,13.30,15.45,18.00,20.35,21.55 Фотостудия. (16+).
5.30,7.30,19.25,22.50 Первый ряд. (16+).
5.45,7.25,9.30,12.20,14.30,16.25,20.10,22.30 Искусство моды. (16+).
6.05,12.40 Дизайнеры. (16+).
6.35,8.55,10.40,14.25,17.20,19.45,22.00 Стиль знаменитостей. (16+).
8.10,10.15,11.55,13.25,16.45,18.55,20.40,22.40 Ретроспектива. (16+).
8.50,18.20,19.40 Кастинги. (16+).
14.45 День с моделью. (16+).
16.55,22.05 Дайджест. (16+).
20.50 Дом моды. (16+).





