Baby TV.

Понедельник, 15 апреля
4.05,4.36,23.44,0.06,0.45,2.02,2.49,3.26,3.57 Сладких снов.
4.21,22.41 Река.
4.31,4.51,4.52,4.58,4.59,5.01,5.02,5.03,5.04,5.06,5.07,5.08,5.10,5.29,5.45,5.54,5.56,5.59,6.00,6.02,6.03,6.06,6.08,6.09,6.27,7.19,7.49,7.56,8.07,8.08,8.16,8.33,8.45,8.53,9.08,9.35,10.19,10.42,10.58,11.17,11.27,11.35,11.58,12.35,13.18,13.42,13.58,14.18,14.35,14.59,15.35,16.18,16.42,16.58,17.18,17.35,17.59,18.48,19.06,19.21,19.28,19.39,19.41,19.53,20.19,20.39,21.10,21.19,21.20,21.22,21.23,21.25,21.27,21.28,21.31,21.33,21.34,21.46,22.03,22.22,22.24,22.25,22.27,22.28,22.30,22.31,22.32,22.34,22.35,23.11,23.26,23.30,2.19,3.46 Мои первые песенки.
4.33,5.21,5.51,6.55,10.07,13.06,16.06,21.16,23.27,23.41,1.40 Этот удивительный мир.
4.53,6.21,21.48,23.21,0.26 Концертино.
5.11,23.12,23.31,0.31,1.00,1.31,2.25,3.11,3.48 Мерцающая звезда.
5.24,6.11,21.35,22.14 Вули.
5.30,6.28,21.53,22.09,22.36,23.01,0.01,0.21,0.40,1.09,1.26,1.57,2.20,2.39,2.44,3.06,3.21 Загадай желание по звезде.
5.35,6.38,21.58,23.06,1.52,2.34,3.41 Волшебный фонарь.
5.40,11.29,14.29,17.29,21.00,22.04 Хрустальный шар.
5.46,6.33,21.12 Ким: фантазии.
6.17,21.41,22.20 Пора в кровать.
6.43 Мячик.
7.00,10.00,12.59,15.59,18.30 Чарли и числа.
7.07,10.32,13.31,16.31,18.36 Уолтер и Дьюд.
7.13,18.42 Пим и Пимба.
7.20,18.50 Детки-фермеры.
7.26,18.55 Нико и Бианка.
7.31,11.52,14.53,17.53,19.00 Голодный Генри.
7.37,11.19,14.20,17.20,19.08 Оливер.
7.43,19.15 Снежки.
7.51,9.30,12.30,15.30,19.23 Мистер Улитка.
7.58,12.01,15.01,18.01,19.30 Размышляют дети.
8.03,12.13,15.13,18.13,19.35 Драко.
8.09,12.23,15.23,18.23,19.47 Хитрые дорожки.
8.18,11.41,14.41,17.41,19.54 Билли Бам Бам.
8.24,10.27,13.26,16.26,20.00 Вместе с Миком.
8.30,11.25,14.27,17.27,20.05 Разговор малышей.
8.35,9.53,12.52,15.52,20.08 Поп и Пиз.
8.40,9.37,12.37,15.37,20.14 Бэнд больших букашек.
8.46,10.21,13.20,16.20,20.21 Калачики.
8.55,11.00,14.00,17.00,20.27 "Ребята и зверята".
8.59,10.10,13.09,16.09,20.31 Пер. для именинника.
9.03,11.36,14.36,17.36,20.34 Нарисуй мне историю.
9.09,11.10,14.11,17.11,20.40 Хиппа-Хиппа, эй!
9.16,20.48 Лили и Пеппер.
9.21,12.22,15.22,18.22,20.53 Альбом "Счастливые малыши".
9.23,20.55 Волшебник Йо-Йо.
9.42,12.41,15.41 Кенни и Гури встречают друзей.
9.48,12.47,15.47,21.05 Раз, два, три - историю расскажи.
9.59,12.12,12.58,15.12,15.58,18.12 Давай танцевать!
10.14,13.13,16.13 Коротышки в ванне.
10.37,13.37,16.37 Звуковая машина Питча и Потча.
10.44,13.44,16.44 Талли.
10.47,13.47,16.47 Джэммеры.
10.53,13.53,16.53 Дедушкина галерея.
11.04,14.05,17.05 Прыгающие шары.
11.47,14.48,17.48 Время поиграть.
12.06,15.07,18.07 Митч Матч.
12.16,15.17,18.17 Кто это? Что это?
19.42 Птичкиички.
22.51,1.43 Луна.
1.14 Цыпленок.

Вторник, 16 апреля
4.13,22.43 Река.
4.23,4.43,4.53,4.59,5.00,5.01,5.03,5.05,5.06,5.07,5.09,5.10,5.11,5.30,5.46,5.56,5.58,6.00,6.02,6.03,6.04,6.05,6.08,6.10,6.11,6.28,7.18,7.37,7.57,8.07,8.09,8.16,8.33,8.45,8.53,9.07,9.35,10.18,10.42,10.58,11.18,11.28,11.35,11.53,12.00,12.35,13.18,13.43,13.58,14.17,14.29,14.36,15.35,16.18,16.43,16.58,17.17,17.29,17.36,18.48,19.06,19.20,19.27,19.38,19.40,19.52,20.17,20.38,21.10,21.18,21.19,21.21,21.22,21.24,21.26,21.27,21.29,21.32,21.33,21.45,22.01,22.25,22.26,22.27,22.29,22.30,22.31,22.33,22.34,22.35,22.37,23.13,23.28,23.32,2.19,3.55 Мои первые песенки.
4.25,5.22,5.53,6.56,10.07,13.06,16.06,21.15,23.29,23.43,1.42 Этот удивительный мир.
4.28,23.46,0.06,0.46,2.04,2.59,3.33 Сладких снов.
4.44,5.13,23.14,23.34,0.32,1.02,1.33,2.25,3.19,3.56 Мерцающая звезда.
4.54,6.23,21.46,23.23,0.27 Концертино.
5.25,6.13,21.34,22.14 Вули.
5.31,6.29,21.51,22.08,22.38,23.03,0.01,0.22,0.41,1.11,1.28,1.59,2.20,2.39,2.54,3.14,3.28 Загадай желание по звезде.
5.36,6.39,21.56,23.08,1.54,2.34,3.50 Волшебный фонарь.
5.41,11.30,14.31,17.31,21.00,22.03 Хрустальный шар.
5.47,6.34,21.11 Ким: фантазии.
6.18,21.40,22.19 Пора в кровать.
6.44 Мячик.
7.00,10.00,12.59,15.59,18.30 Чарли и числа.
7.07,10.31,13.32,16.32,18.36 Уолтер и Дьюд.
7.12,18.42 Пим и Пимба.
7.19,18.49 Детки-фермеры.
7.25,18.55 Нико и Бианка.
7.30,11.54,14.54,17.54,19.00 Голодный Генри.
7.39,11.20,14.19,17.19,19.08 Оливер.
7.45,19.14 Снежки.
7.51,9.30,12.30,15.30,19.21 Мистер Улитка.
7.58,12.01,15.00,18.00,19.28 Размышляют дети.
8.04,12.13,15.13,18.13,19.34 Драко.
8.10,12.23,15.23,18.23,19.46 Хитрые дорожки.
8.18,11.41,14.43,17.43,19.53 Билли Бам Бам.
8.24,10.27,13.27,16.27,19.59 Вместе с Миком.
8.30,11.25,14.26,17.26,20.04 Разговор малышей.
8.35,9.53,12.53,15.53,20.07 Поп и Пиз.
8.40,9.37,12.37,15.37,20.13 Бэнд больших букашек.
8.47,10.20,13.20,16.20,20.19 Калачики.
8.55,11.00,14.00,17.00,20.26 "Ребята и зверята".
8.59,10.10,13.09,16.09,20.30 Пер. для именинника.
9.02,11.36,14.38,17.38,20.33 Нарисуй мне историю.
9.08,11.11,14.10,17.10,20.40 Хиппа-Хиппа, эй!
9.16,20.47 Лили и Пеппер.
9.21,12.22,15.22,18.22,20.53 Альбом "Счастливые малыши".
9.23,20.54 Волшебник Йо-Йо.
9.43,12.42,15.42 Кенни и Гури встречают друзей.
9.48,12.47,15.47,21.05 Раз, два, три - историю расскажи.
9.58,12.12,12.58,15.11,15.58,18.11 Давай танцевать!
10.13,13.13,16.13 Коротышки в ванне.
10.37,13.37,16.37 Звуковая машина Питча и Потча.
10.44,13.44,16.44 Талли.
10.47,13.47,16.47 Джэммеры.
10.53,13.53,16.53 Дедушкина галерея.
11.05,14.04,17.04 Прыгающие шары.
11.48,14.49,17.49 Время поиграть.
12.07,15.06,18.06 Митч Матч.
12.16,15.16,18.16 Кто это? Что это?
19.41 Птичкиички.
22.53,1.45,2.44 Луна.
1.16 Цыпленок.

Среда, 17 апреля
4.05,4.34,23.41,0.03,0.43,2.02,2.56,3.31 Сладких снов.
4.20,22.49 Река.
4.30,4.49,4.50,4.56,4.58,4.59,5.01,5.02,5.03,5.04,5.06,5.07,5.08,5.28,5.44,5.54,5.57,5.58,5.59,6.01,6.02,6.04,6.06,6.08,6.09,6.28,7.18,7.36,7.51,7.58,8.08,8.10,8.23,8.49,9.09,9.35,10.19,10.43,11.17,11.27,11.34,11.52,12.00,12.35,13.19,13.43,13.58,14.18,14.28,14.35,14.53,15.35,16.19,16.43,16.58,17.18,17.28,17.35,17.53,18.49,19.07,19.22,19.28,19.38,19.41,19.49,20.15,20.23,20.38,21.10,21.19,21.21,21.23,21.25,21.27,21.28,21.31,21.33,21.35,21.46,22.03,22.31,22.32,22.34,22.35,22.36,22.37,22.38,22.40,22.41,22.42,23.19,23.37,2.17,3.51 Мои первые песенки.
4.31,5.20,5.51,6.55,10.07,13.07,16.07,21.16,23.34,23.38,1.40 Этот удивительный мир.
4.51,6.22,21.48,23.29,0.24 Концертино.
5.10,23.20,0.29,1.00,1.31,2.23,3.18,3.53 Мерцающая звезда.
5.23,6.11,21.36,22.15 Вули.
5.29,6.29,21.53,22.10,22.44,23.09,23.58,0.19,0.38,1.09,1.26,1.57,2.18,2.37,2.51,3.12,3.26 Загадай желание по звезде.
5.34,6.38,21.58,23.14,1.52,2.32,3.47 Волшебный фонарь.
5.39,11.29,14.30,17.30,21.00,22.05 Хрустальный шар.
5.46,6.34,21.11 Ким: фантазии.
6.17,21.41,22.21 Пора в кровать.
6.43 Мячик.
7.00,10.00,13.00,16.00,18.30 Чарли и числа.
7.06,10.32,13.32,16.32,18.37 Уолтер и Дьюд.
7.12,18.43 Пим и Пимба.
7.20,18.50 Детки-фермеры.
7.25,18.56 Нико и Бианка.
7.30,11.54,14.54,17.54,19.01 Голодный Генри.
7.38,11.18,14.20,17.20,19.10 Оливер.
7.45,19.16 Снежки.
7.52,9.30,12.30,15.30,19.23 Мистер Улитка.
7.59,12.01,15.00,18.00,19.29 Размышляют дети.
8.05,12.13,15.13,18.13,19.35 Драко.
8.12 Птичкиички.
8.17,12.23,15.23,18.23,19.42 Хитрые дорожки.
8.24,11.41,14.41,17.41,19.50 Билли Бам Бам.
8.30,10.27,13.27,16.27,19.56 Вместе с Миком.
8.35,11.25,14.26,17.26,20.01 Разговор малышей.
8.38,9.53,12.53,15.53,20.04 Поп и Пиз.
8.44,9.37,12.37,15.37,20.11 Бэнд больших букашек.
8.51,10.21,13.21,16.21,20.18 Калачики.
8.57,10.59,14.01,17.01,20.25 "Ребята и зверята".
9.01,10.10,13.10,16.10,20.30 Пер. для именинника.
9.04,11.36,14.36,17.36,20.33 Нарисуй мне историю.
9.10,11.09,14.11,17.11,20.39 Хиппа-Хиппа, эй!
9.18,20.47 Лили и Пеппер.
9.23,12.22,15.22,18.22,20.52 Альбом "Счастливые малыши".
9.25,20.53 Волшебник Йо-Йо.
9.42,12.42,15.42 Кенни и Гури встречают друзей.
9.48,12.47,15.47,21.05 Раз, два, три - историю расскажи.
9.59,12.12,12.59,15.11,15.59,18.11 Давай танцевать!
10.13,13.13,16.13 Коротышки в ванне.
10.38,13.37,16.37 Звуковая машина Питча и Потча.
10.44,13.44,16.44 Талли.
10.47,13.47,16.47 Джэммеры.
10.54,13.53,16.53 Дедушкина галерея.
11.04,14.05,17.05 Прыгающие шары.
11.47,14.48,17.48 Время поиграть.
12.07,15.06,18.06 Митч Матч.
12.17,15.17,18.17 Кто это? Что это?
22.59,1.43,2.42 Луна.
1.14 Цыпленок.

Четверг, 18 апреля
4.01,4.31,23.43,0.04,0.42,2.00,2.49,3.24,3.55 Сладких снов.
4.17,22.41 Река.
4.27,4.47,4.56,5.02,5.03,5.05,5.07,5.09,5.10,5.11,5.12,5.14,5.15,5.34,5.50,6.00,6.02,6.03,6.04,6.05,6.07,6.08,6.11,6.13,7.18,7.36,7.50,7.57,8.08,8.10,8.22,8.47,9.08,9.35,10.19,10.42,10.58,11.18,11.28,11.35,11.53,12.00,12.35,13.17,13.41,13.58,14.18,14.28,14.35,14.52,14.59,15.35,16.17,16.41,16.58,17.18,17.28,17.35,17.52,17.59,18.48,19.06,19.19,19.25,19.36,19.38,19.50,20.17,20.38,21.10,21.19,21.20,21.22,21.23,21.25,21.27,21.29,21.31,21.32,21.44,22.01,22.23,22.24,22.25,22.27,22.28,22.29,22.30,22.31,22.33,22.34,23.10,23.25,23.29,2.14,3.45 Мои первые песенки.
4.28,5.26,5.57,6.56,10.07,13.06,16.06,21.16,23.26,23.40,1.38 Этот удивительный мир.
4.48,5.16,23.11,23.30,0.28,0.57,1.28,2.16,3.11,3.46 Мерцающая звезда.
4.57,6.25,21.46,23.20,0.23 Концертино.
5.29,6.15,21.33,22.13 Вули.
5.35,6.30,21.51,22.07,22.36,23.00,23.59,0.18,0.37,1.06,1.23,1.55,2.30,2.44,3.05,3.19 Загадай желание по звезде.
5.40,6.39,21.56,23.05,1.50,2.25,3.40 Волшебный фонарь.
5.45,11.30,14.30,17.30,21.00,22.02 Хрустальный шар.
5.51,6.35,21.11 Ким: фантазии.
6.20,21.39,22.18 Пора в кровать.
6.44 Мячик.
7.00,10.00,12.59,15.59,18.30 Чарли и числа.
7.07,10.31,13.30,16.30,18.37 Уолтер и Дьюд.
7.12,18.42 Пим и Пимба.
7.19,18.49 Детки-фермеры.
7.25,18.54 Нико и Бианка.
7.30,11.54,14.53,17.53,19.00 Голодный Генри.
7.38,11.20,14.20,17.20,19.07 Оливер.
7.44,19.13 Снежки.
7.51,9.30,12.30,15.30,19.20 Мистер Улитка.
7.58,12.01,15.01,18.01,19.27 Размышляют дети.
8.04,12.13,15.13,18.13,19.32 Драко.
8.11,19.39 Птичкиички.
8.16,12.23,15.23,18.23,19.44 Хитрые дорожки.
8.23,11.41,14.41,17.42,19.52 Билли Бам Бам.
8.30,10.27,13.25,16.25,19.57 Вместе с Миком.
8.34,11.26,14.26,17.26,20.03 Разговор малышей.
8.37,9.53,12.52,15.52,20.06 Поп и Пиз.
8.43,9.37,12.36,15.36,20.12 Бэнд больших букашек.
8.49,10.20,13.19,16.19,20.19 Калачики.
8.56,11.00,14.01,17.01,20.26 "Ребята и зверята".
9.00,10.10,13.09,16.09,20.30 Пер. для именинника.
9.03,11.36,14.37,17.37,20.33 Нарисуй мне историю.
9.10,11.11,14.11,17.11,20.39 Хиппа-Хиппа, эй!
9.17,20.47 Лили и Пеппер.
9.23,12.22,15.22,18.22,20.52 Альбом "Счастливые малыши".
9.24,20.54 Волшебник Йо-Йо.
9.43,12.41,15.41 Кенни и Гури встречают друзей.
9.48,12.47,15.47,21.05 Раз, два, три - историю расскажи.
9.59,12.12,12.58,15.12,15.58,18.12 Давай танцевать!
10.13,13.12,16.12 Коротышки в ванне.
10.37,13.36,16.36 Звуковая машина Питча и Потча.
10.44,13.43,16.43 Талли.
10.47,13.46,16.46 Джэммеры.
10.53,13.53,16.53 Дедушкина галерея.
11.05,14.05,17.05 Прыгающие шары.
11.48,14.47,17.47 Время поиграть.
12.07,15.07,18.07 Митч Матч.
12.17,15.17,18.17 Кто это? Что это?
22.51,1.41,2.35 Луна.
1.11 Цыпленок.

Пятница, 19 апреля
4.10,22.43 Река.
4.20,4.40,4.50,4.57,4.58,5.00,5.01,5.02,5.04,5.06,5.08,5.09,5.10,5.30,5.47,5.55,5.57,5.58,5.59,6.01,6.03,6.04,6.06,6.08,6.09,6.27,7.19,7.37,7.52,7.58,8.09,8.17,8.33,8.45,8.53,9.08,9.35,10.18,10.42,10.58,11.18,11.35,11.59,12.35,13.17,13.41,13.57,14.17,14.28,14.35,14.53,15.35,16.17,16.41,16.57,17.17,17.28,17.35,17.53,18.49,19.07,19.21,19.28,19.39,19.41,19.48,20.15,20.23,20.39,21.10,21.19,21.20,21.21,21.24,21.26,21.27,21.28,21.30,21.32,21.34,21.46,22.03,22.25,22.26,22.27,22.28,22.30,22.31,22.32,22.33,22.35,22.37,23.12,23.27,23.31,2.19,3.48 Мои первые песенки.
4.21,5.21,5.52,6.56,10.06,13.06,16.06,21.16,23.28,23.42,1.42 Этот удивительный мир.
4.24,23.45,0.06,0.46,2.04,2.54,3.27,3.59 Сладких снов.
4.41,5.11,23.13,23.33,0.32,1.02,1.33,2.21,3.13,3.50 Мерцающая звезда.
4.51,6.22,21.47,23.22,0.27 Концертино.
5.24,6.11,21.35,22.14 Вули.
5.32,6.28,21.53,22.09,22.38,23.02,0.01,0.22,0.41,1.11,1.28,1.59,2.35,2.49,3.08,3.22 Загадай желание по звезде.
5.37,6.38,21.58,23.07,1.54,2.30,3.43 Волшебный фонарь.
5.42,11.29,14.30,17.30,21.00,22.04 Хрустальный шар.
5.48,6.33,21.11 Ким: фантазии.
6.17,21.40,22.20 Пора в кровать.
6.44 Мячик.
7.00,9.59,12.59,15.59,18.30 Чарли и числа.
7.07,10.31,13.30,16.30,18.37 Уолтер и Дьюд.
7.13,18.43 Пим и Пимба.
7.20,18.50 Детки-фермеры.
7.26,18.55 Нико и Бианка.
7.31,11.53,14.54,17.54,19.01 Голодный Генри.
7.40,11.20,14.19,17.19,19.09 Оливер.
7.46,19.15 Снежки.
7.53,9.30,12.30,15.30,19.23 Мистер Улитка.
7.59,12.01,15.00,18.00,19.30 Размышляют дети.
8.05,12.13,15.12,18.12,19.36 Драко.
8.11,12.23,15.23,18.23,19.42 Хитрые дорожки.
8.18,11.41,14.42,17.42,19.50 Билли Бам Бам.
8.24,10.26,13.25,16.25,19.56 Вместе с Миком.
8.30,11.27,14.26,17.26,20.01 Разговор малышей.
8.34,9.52,12.53,15.53,20.04 Поп и Пиз.
8.41,9.36,12.37,15.37,20.10 Бэнд больших букашек.
8.48,10.20,13.19,16.19,20.17 Калачики.
8.55,11.00,13.59,16.59,20.26 "Ребята и зверята".
8.59,10.09,13.09,16.09,20.30 Пер. для именинника.
9.03,11.36,14.37,17.37,20.34 Нарисуй мне историю.
9.09,11.11,14.09,17.09,20.40 Хиппа-Хиппа, эй!
9.17,20.47 Лили и Пеппер.
9.22,12.22,15.22,18.22,20.53 Альбом "Счастливые малыши".
9.23,20.54 Волшебник Йо-Йо.
9.41,12.42,15.42 Кенни и Гури встречают друзей.
9.47,12.47,15.47,21.05 Раз, два, три - историю расскажи.
9.58,12.12,12.58,15.11,15.58,18.11 Давай танцевать!
10.13,13.12,16.12 Коротышки в ванне.
10.37,13.36,16.36 Звуковая машина Питча и Потча.
10.44,13.43,16.43 Талли.
10.47,13.46,16.46 Джэммеры.
10.53,13.52,16.52 Дедушкина галерея.
11.05,14.04,17.04 Прыгающие шары.
11.48,14.48,17.48 Время поиграть.
12.07,15.06,18.06 Митч Матч.
12.17,15.16,18.16 Кто это? Что это?
22.53,1.45,2.40 Луна.
1.16 Цыпленок.

Суббота, 20 апреля
4.14,22.43 Река.
4.24,4.45,4.55,5.02,5.04,5.05,5.06,5.08,5.09,5.11,5.12,5.13,5.14,5.33,5.50,5.59,6.00,6.02,6.03,6.04,6.07,6.08,6.09,6.27,7.18,7.36,7.51,7.58,8.08,8.10,8.23,8.48,9.09,9.35,10.18,10.43,10.58,11.17,11.29,11.36,12.35,13.19,13.43,13.58,14.18,14.28,14.35,14.52,15.35,16.18,16.43,16.58,17.17,17.29,17.36,18.48,19.06,19.21,19.28,19.39,19.41,19.53,20.19,20.39,21.10,21.18,21.19,21.21,21.23,21.25,21.27,21.28,21.29,21.32,21.33,21.45,22.02,22.25,22.26,22.27,22.28,22.29,22.31,22.33,22.34,22.36,22.37,23.12,23.27,23.32,2.21,3.51 Мои первые песенки.
4.25,5.25,5.56,6.56,10.06,13.07,16.06,21.15,23.29,23.42,1.41 Этот удивительный мир.
4.28,23.45,0.06,0.45,2.03,2.57,3.31 Сладких снов.
4.46,5.15,23.14,23.33,0.31,1.01,1.32,2.22,3.18,3.52 Мерцающая звезда.
4.57,6.22,21.46,23.22,0.26 Концертино.
5.28,6.11,21.34,22.13 Вули.
5.34,6.29,21.51,22.08,22.38,23.02,0.01,0.21,0.40,1.10,1.27,1.58,2.37,2.52,3.13,3.26 Загадай желание по звезде.
5.39,6.39,21.56,23.07,1.53,2.32,3.46 Волшебный фонарь.
5.45,11.31,14.29,17.31,21.00,22.03 Хрустальный шар.
5.52,6.34,21.11 Ким: фантазии.
6.16,21.40,22.19 Пора в кровать.
6.44 Мячик.
7.00,9.59,13.00,15.59,18.30 Чарли и числа.
7.06,10.32,13.32,16.32,18.36 Уолтер и Дьюд.
7.12,18.42 Пим и Пимба.
7.20,18.50 Детки-фермеры.
7.25,18.55 Нико и Бианка.
7.30,11.54,14.54,17.54,19.00 Голодный Генри.
7.38,11.19,14.20,17.19,19.08 Оливер.
7.45,19.15 Снежки.
7.53,9.30,12.30,15.30,19.23 Мистер Улитка.
7.59,12.00,15.00,18.00,19.30 Размышляют дети.
8.05,12.13,15.12,18.13,19.35 Драко.
8.12,19.42 Птичкиички.
8.17,12.23,15.23,18.23,19.47 Хитрые дорожки.
8.24,11.43,14.41,17.43,19.54 Билли Бам Бам.
8.30,10.27,13.27,16.27,20.00 Вместе с Миком.
8.35,11.26,14.26,17.26,20.05 Разговор малышей.
8.38,9.53,12.53,15.53,20.08 Поп и Пиз.
8.44,9.37,12.37,15.37,20.14 Бэнд больших букашек.
8.50,10.20,13.21,16.20,20.21 Калачики.
8.57,11.00,14.01,17.00,20.27 "Ребята и зверята".
9.01,10.09,13.10,16.09,20.31 Пер. для именинника.
9.04,11.38,14.36,17.38,20.34 Нарисуй мне историю.
9.10,11.10,14.11,17.10,20.40 Хиппа-Хиппа, эй!
9.18,20.48 Лили и Пеппер.
9.23,12.22,15.22,18.22,20.53 Альбом "Счастливые малыши".
9.24,20.55 Волшебник Йо-Йо.
9.42,12.42,15.42 Кенни и Гури встречают друзей.
9.47,12.47,15.47,21.05 Раз, два, три - историю расскажи.
9.58,12.11,12.59,15.11,15.58,18.11 Давай танцевать!
10.13,13.13,16.13 Коротышки в ванне.
10.37,13.37,16.37 Звуковая машина Питча и Потча.
10.44,13.44,16.44 Талли.
10.47,13.47,16.47 Джэммеры.
10.53,13.53,16.53 Дедушкина галерея.
11.04,14.05,17.04 Прыгающие шары.
11.49,14.47,17.49 Время поиграть.
12.06,15.06,18.06 Митч Матч.
12.16,15.16,18.16 Кто это? Что это?
22.53,1.44,2.42 Луна.
1.15 Цыпленок.

Воскресенье, 21 апреля
4.01,4.31,23.43,0.04,0.43,2.01,2.56,3.30 Сладких снов.
4.16,22.41 Река.
4.26,4.46,4.57,5.04,5.05,5.06,5.07,5.08,5.09,5.11,5.12,5.13,5.14,5.33,5.50,5.59,6.00,6.02,6.03,6.04,6.06,6.08,6.09,6.11,6.13,6.27,7.19,7.37,7.52,7.58,8.09,8.17,8.39,8.45,8.53,9.08,9.35,10.19,10.43,10.58,11.18,11.28,11.35,11.52,12.35,13.17,13.41,13.58,14.18,14.28,14.35,14.52,14.59,15.35,16.19,16.43,16.58,17.18,17.28,17.35,17.52,18.48,19.06,19.20,19.27,19.38,19.40,19.52,20.17,20.38,21.10,21.20,21.21,21.22,21.24,21.26,21.29,21.30,21.31,21.33,21.34,21.44,22.01,22.22,22.24,22.25,22.26,22.28,22.29,22.31,22.32,22.33,22.34,23.10,23.26,23.30,2.22,3.51 Мои первые песенки.
4.28,5.25,5.56,6.55,10.07,13.06,16.07,21.17,23.27,23.40,1.39 Этот удивительный мир.
4.47,5.16,23.11,23.31,0.29,0.58,1.29,2.23,3.16,3.52 Мерцающая звезда.
4.59,6.22,21.45,23.20,0.24 Концертино.
5.28,6.14,21.35,22.12 Вули.
5.35,6.28,21.50,22.07,22.35,23.00,23.59,0.19,0.38,1.07,1.24,1.56,2.37,2.51,3.11,3.25 Загадай желание по звезде.
5.40,6.38,21.55,23.05,1.51,2.32,3.46 Волшебный фонарь.
5.45,11.29,14.29,17.29,21.00,22.02 Хрустальный шар.
5.52,6.33,21.11 Ким: фантазии.
6.20,21.41,22.18 Пора в кровать.
6.43 Мячик.
7.00,10.00,12.59,16.00,18.30 Чарли и числа.
7.07,10.32,13.30,16.32,18.36 Уолтер и Дьюд.
7.13,18.42 Пим и Пимба.
7.20,18.49 Детки-фермеры.
7.26,18.55 Нико и Бианка.
7.31,11.54,14.53,17.54,19.00 Голодный Генри.
7.40,11.20,14.20,17.20,19.08 Оливер.
7.46,19.14 Снежки.
7.53,9.30,12.30,15.30,19.21 Мистер Улитка.
7.59,12.00,15.01,18.00,19.28 Размышляют дети.
8.05,12.12,15.13,18.12,19.34 Драко.
8.11,12.23,15.23,18.23,19.46 Хитрые дорожки.
8.18,11.41,14.41,17.41,19.53 Билли Бам Бам.
8.24,10.27,13.25,16.27,19.59 Вместе с Миком.
8.30,11.26,14.25,17.26,20.04 Разговор малышей.
8.33,9.53,12.52,15.53,20.07 Поп и Пиз.
8.41,9.37,12.36,15.37,20.13 Бэнд больших букашек.
8.48,10.21,13.19,16.21,20.19 Калачики.
8.55,11.01,14.01,17.01,20.26 "Ребята и зверята".
8.59,10.10,13.09,16.10,20.30 Пер. для именинника.
9.03,11.36,14.36,17.36,20.33 Нарисуй мне историю.
9.09,11.11,14.11,17.11,20.40 Хиппа-Хиппа, эй!
9.17,20.47 Лили и Пеппер.
9.22,12.22,15.22,18.22,20.53 Альбом "Счастливые малыши".
9.23,20.54 Волшебник Йо-Йо.
9.41,12.41,15.41 Кенни и Гури встречают друзей.
9.47,12.47,15.47,21.05 Раз, два, три - историю расскажи.
9.59,12.11,12.58,15.12,15.59,18.11 Давай танцевать!
10.13,13.12,16.13 Коротышки в ванне.
10.37,13.36,16.37 Звуковая машина Питча и Потча.
10.44,13.43,16.44 Талли.
10.47,13.46,16.47 Джэммеры.
10.53,13.53,16.53 Дедушкина галерея.
11.05,14.05,17.05 Прыгающие шары.
11.47,14.47,17.47 Время поиграть.
12.06,15.07,18.06 Митч Матч.
12.16,15.16,18.16 Кто это? Что это?
19.41 Птичкиички.
22.51,1.42,2.42 Луна.
1.12 Цыпленок.

