ЧП.INFO.

Понедельник, 15 апреля
0.00,0.11,1.00,1.11,2.00,2.11,3.00,3.11,4.00,4.11,5.00,5.11,6.00,6.11,7.00,7.11,8.00,8.11,9.00,9.11,10.00,10.11,11.00,11.11,12.00,12.11,13.00,13.11,14.00,14.11,15.00,15.11,16.00,16.11,17.00,17.11 Резонанс недели. Десять событий.
0.10,1.10,2.10,3.10,4.10,5.10,6.10,7.10,8.10,9.10,10.10,11.10,12.10,13.10,14.10,15.10,16.10,17.10,18.19,18.59,19.39,20.19,20.59,21.39,22.19,22.59,23.39 Изувер в розыске.
0.49,1.49,2.49,3.49,4.49,5.49,6.49,7.49,8.49,9.49,10.49,11.49,12.49,13.49,14.49,15.49,16.49,17.49,18.26,19.06,19.46,20.26,21.06,21.46,22.26,23.06,23.46 Чп.у.
0.52,1.52,2.52,3.52,4.52,5.52,6.52,7.52,8.52,9.52,10.52,11.52,12.52,13.52,14.52,15.52,16.52,17.52,18.33,19.13,19.53,20.33,21.13,21.53,22.33,23.13,23.53 Чп.ок.
0.55,1.55,2.55,3.55,4.55,5.55,6.55,7.55,8.55,9.55,10.55,11.55,12.55,13.55,14.55,15.55,16.55,17.55,18.36,19.56,20.36,21.56,22.36,23.56 Метео.чп.
18.00,18.40,19.20,20.00,20.40,21.20,22.00,22.40,23.20 Чп.новости.
18.13,18.20,18.53,19.00,19.33,19.40,20.13,20.20,20.53,21.00,21.33,21.40,22.13,22.20,22.53,23.00,23.33,23.40 Ситуация.
18.29,19.09,19.49,20.29,21.09,21.49,22.29,23.09,23.49 Авто.чп.
19.16,21.16,23.16 Эмоция.

Вторник, 16 апреля
0.00,0.55,1.50,2.45,3.40,4.35,5.30,6.25,7.20,8.15,9.10,10.05,10.55,11.50,12.45,13.40,14.35,15.30,16.25,17.20,18.00,18.40,19.20,20.00,20.40,21.20,22.00,22.40,23.20 Чп.новости.
0.13,0.20,1.08,1.15,2.03,2.10,2.58,3.05,3.53,4.00,4.48,4.55,5.43,5.50,6.38,6.45,7.33,7.40,8.28,8.35,9.23,9.30,10.18,10.25,11.08,11.15,12.03,12.10,12.58,13.05,13.53,14.00,14.48,14.55,15.43,15.50,16.38,16.45,17.33,17.40,18.13,18.20,18.53,19.00,19.33,19.40,20.13,20.20,20.53,21.00,21.33,21.40,22.13,22.20,22.53,23.00,23.33,23.40 Ситуация.
0.19,1.14,2.09,3.04,3.59,4.54,5.49,6.44,7.39,8.34,9.29,10.24,11.14,12.09,13.04,13.59,14.54,15.49,16.44,17.39,18.19,18.59,19.39,20.19,20.59,21.39,22.19,22.59,23.39 Изувер в розыске.
0.26,1.21,2.16,3.11,4.06,5.01,5.56,6.51,7.46,8.41,9.36,10.31,11.21,12.16,13.11,14.06,15.01,15.56,16.51,17.46,18.26,19.06,19.46,20.26,21.06,21.46,22.26,23.06,23.46 Чп.у.
0.29,1.24,2.19,3.14,4.09,5.04,5.59,6.54,7.49,8.44,9.39,10.34,11.24,12.19,13.14,14.09,15.04,15.59,16.54,17.49,18.29,19.09,19.49,20.29,21.09,21.49,22.29,23.09,23.49 Авто.чп.
0.33,1.28,2.23,3.18,4.13,5.08,6.03,6.58,7.53,8.48,9.43,10.37,11.28,12.23,13.18,14.13,15.08,16.03,16.58,17.53,18.33,19.13,19.53,20.33,21.13,21.53,22.33,23.13,23.53 Чп.ок.
0.36,1.31,2.26,3.21,4.16,5.11,6.06,7.01,7.56,8.51,9.46,10.40,11.31,12.26,13.21,14.16,15.11,16.06,17.01,17.56,19.16,21.16,23.16 Эмоция.
0.39,1.34,2.29,3.24,4.19,5.14,6.09,7.04,7.59,8.54,9.49,10.43,11.34,12.29,13.24,14.19,15.14,16.09,17.04 Комментарии.
0.43,1.38,2.33,3.28,4.23,5.18,6.13,7.08,8.03,8.58,9.53,10.47,11.38,12.33,13.28,14.23,15.18,16.13,17.08 Служба розыска детей.
0.48,1.43,2.38,3.33,4.28,5.23,6.18,7.13,8.08,9.03,9.58,10.52,11.43,12.38,13.33,14.28,15.23,16.18,17.13 Розыск людей.
0.51,1.46,2.41,3.36,4.31,5.26,6.21,7.16,8.11,9.06,10.01,11.46,12.41,13.36,14.31,15.26,16.21,17.16,18.36,19.56,20.36,21.56,22.36,23.56 Метео.чп.

Среда, 17 апреля
0.00,0.55,1.50,2.45,3.40,4.35,5.30,6.25,7.20,8.15,9.10,10.05,10.55,11.50,12.45,13.40,14.35,15.30,16.25,17.20,18.00,18.40,19.20,20.00,20.40,21.20,22.00,22.40,23.20 Чп.новости.
0.13,0.20,1.08,1.15,2.03,2.10,2.58,3.05,3.53,4.00,4.48,4.55,5.43,5.50,6.38,6.45,7.33,7.40,8.28,8.35,9.23,9.30,10.18,10.25,11.08,11.15,12.03,12.10,12.58,13.05,13.53,14.00,14.48,14.55,15.43,15.50,16.38,16.45,17.33,17.40,18.13,18.20,18.53,19.00,19.33,19.40,20.13,20.20,20.53,21.00,21.33,21.40,22.13,22.20,22.53,23.00,23.33,23.40 Ситуация.
0.19,1.14,2.09,3.04,3.59,4.54,5.49,6.44,7.39,8.34,9.29,10.24,11.14,12.09,13.04,13.59,14.54,15.49,16.44,17.39,18.19,18.59,19.39,20.19,20.59,21.39,22.19,22.59,23.39 Изувер в розыске.
0.26,1.21,2.16,3.11,4.06,5.01,5.56,6.51,7.46,8.41,9.36,10.31,11.21,12.16,13.11,14.06,15.01,15.56,16.51,17.46,18.26,19.06,19.46,20.26,21.06,21.46,22.26,23.06,23.46 Чп.у.
0.29,1.24,2.19,3.14,4.09,5.04,5.59,6.54,7.49,8.44,9.39,10.34,11.24,12.19,13.14,14.09,15.04,15.59,16.54,17.49,18.29,19.09,19.49,20.29,21.09,21.49,22.29,23.09,23.49 Авто.чп.
0.33,1.28,2.23,3.18,4.13,5.08,6.03,6.58,7.53,8.48,9.43,10.37,11.28,12.23,13.18,14.13,15.08,16.03,16.58,17.53,18.33,19.13,19.53,20.33,21.13,21.53,22.33,23.13,23.53 Чп.ок.
0.36,1.31,2.26,3.21,4.16,5.11,6.06,7.01,7.56,8.51,9.46,10.40,11.31,12.26,13.21,14.16,15.11,16.06,17.01,17.56,19.16,21.16,23.16 Эмоция.
0.39,1.34,2.29,3.24,4.19,5.14,6.09,7.04,7.59,8.54,9.49,10.43,11.34,12.29,13.24,14.19,15.14,16.09,17.04 Комментарии.
0.43,1.38,2.33,3.28,4.23,5.18,6.13,7.08,8.03,8.58,9.53,10.47,11.38,12.33,13.28,14.23,15.18,16.13,17.08 Служба розыска детей.
0.48,1.43,2.38,3.33,4.28,5.23,6.18,7.13,8.08,9.03,9.58,10.52,11.43,12.38,13.33,14.28,15.23,16.18,17.13 Розыск людей.
0.51,1.46,2.41,3.36,4.31,5.26,6.21,7.16,8.11,9.06,10.01,11.46,12.41,13.36,14.31,15.26,16.21,17.16,18.36,19.56,20.36,21.56,22.36,23.56 Метео.чп.

Четверг, 18 апреля
0.00,0.55,1.50,2.45,3.40,4.35,5.30,6.25,7.20,8.15,9.10,10.05,10.55,11.50,12.45,13.40,14.35,15.30,16.25,17.20,18.00,18.40,19.20,20.00,20.40,21.20,22.00,22.40,23.20 Чп.новости.
0.13,0.20,1.08,1.15,2.03,2.10,2.58,3.05,3.53,4.00,4.48,4.55,5.43,5.50,6.38,6.45,7.33,7.40,8.28,8.35,9.23,9.30,10.18,10.25,11.08,11.15,12.03,12.10,12.58,13.05,13.53,14.00,14.48,14.55,15.43,15.50,16.38,16.45,17.33,17.40,18.13,18.20,18.53,19.00,19.33,19.40,20.13,20.20,20.53,21.00,21.33,21.40,22.13,22.20,22.53,23.00,23.33,23.40 Ситуация.
0.19,1.14,2.09,3.04,3.59,4.54,5.49,6.44,7.39,8.34,9.29,10.24,11.14,12.09,13.04,13.59,14.54,15.49,16.44,17.39,18.19,18.59,19.39,20.19,20.59,21.39,22.19,22.59,23.39 Изувер в розыске.
0.26,1.21,2.16,3.11,4.06,5.01,5.56,6.51,7.46,8.41,9.36,10.31,11.21,12.16,13.11,14.06,15.01,15.56,16.51,17.46,18.26,19.06,19.46,20.26,21.06,21.46,22.26,23.06,23.46 Чп.у.
0.29,1.24,2.19,3.14,4.09,5.04,5.59,6.54,7.49,8.44,9.39,10.34,11.24,12.19,13.14,14.09,15.04,15.59,16.54,17.49,18.29,19.09,19.49,20.29,21.09,21.49,22.29,23.09,23.49 Авто.чп.
0.33,1.28,2.23,3.18,4.13,5.08,6.03,6.58,7.53,8.48,9.43,10.37,11.28,12.23,13.18,14.13,15.08,16.03,16.58,17.53,18.33,19.13,19.53,20.33,21.13,21.53,22.33,23.13,23.53 Чп.ок.
0.36,1.31,2.26,3.21,4.16,5.11,6.06,7.01,7.56,8.51,9.46,10.40,11.31,12.26,13.21,14.16,15.11,16.06,17.01,17.56,19.16,21.16,23.16 Эмоция.
0.39,1.34,2.29,3.24,4.19,5.14,6.09,7.04,7.59,8.54,9.49,10.43,11.34,12.29,13.24,14.19,15.14,16.09,17.04 Комментарии.
0.43,1.38,2.33,3.28,4.23,5.18,6.13,7.08,8.03,8.58,9.53,10.47,11.38,12.33,13.28,14.23,15.18,16.13,17.08 Служба розыска детей.
0.48,1.43,2.38,3.33,4.28,5.23,6.18,7.13,8.08,9.03,9.58,10.52,11.43,12.38,13.33,14.28,15.23,16.18,17.13 Розыск людей.
0.51,1.46,2.41,3.36,4.31,5.26,6.21,7.16,8.11,9.06,10.01,11.46,12.41,13.36,14.31,15.26,16.21,17.16,18.36,19.56,20.36,21.56,22.36,23.56 Метео.чп.

Пятница, 19 апреля
0.00,0.55,1.50,2.45,3.40,4.35,5.30,6.25,7.20,8.15,9.10,10.05,10.55,11.50,12.45,13.40,14.35,15.30,16.25,17.20,18.00,18.40,19.20,20.00,20.40,21.20,22.00,22.40,23.20 Чп.новости.
0.13,0.20,1.08,1.15,2.03,2.10,2.58,3.05,3.53,4.00,4.48,4.55,5.43,5.50,6.38,6.45,7.33,7.40,8.28,8.35,9.23,9.30,10.18,10.25,11.08,11.15,12.03,12.10,12.58,13.05,13.53,14.00,14.48,14.55,15.43,15.50,16.38,16.45,17.33,17.40,18.13,18.20,18.53,19.00,19.33,19.40,20.13,20.20,20.53,21.00,21.33,21.40,22.13,22.20,22.53,23.00,23.33,23.40 Ситуация.
0.19,1.14,2.09,3.04,3.59,4.54,5.49,6.44,7.39,8.34,9.29,10.24,11.14,12.09,13.04,13.59,14.54,15.49,16.44,17.39,18.19,18.59,19.39,20.19,20.59,21.39,22.19,22.59,23.39 Изувер в розыске.
0.26,1.21,2.16,3.11,4.06,5.01,5.56,6.51,7.46,8.41,9.36,10.31,11.21,12.16,13.11,14.06,15.01,15.56,16.51,17.46,18.26,19.06,19.46,20.26,21.06,21.46,22.26,23.06,23.46 Чп.у.
0.29,1.24,2.19,3.14,4.09,5.04,5.59,6.54,7.49,8.44,9.39,10.34,11.24,12.19,13.14,14.09,15.04,15.59,16.54,17.49,18.29,19.09,19.49,20.29,21.09,21.49,22.29,23.09,23.49 Авто.чп.
0.33,1.28,2.23,3.18,4.13,5.08,6.03,6.58,7.53,8.48,9.43,10.37,11.28,12.23,13.18,14.13,15.08,16.03,16.58,17.53,18.33,19.13,19.53,20.33,21.13,21.53,22.33,23.13,23.53 Чп.ок.
0.36,1.31,2.26,3.21,4.16,5.11,6.06,7.01,7.56,8.51,9.46,10.40,11.31,12.26,13.21,14.16,15.11,16.06,17.01,17.56,19.16,21.16,23.16 Эмоция.
0.39,1.34,2.29,3.24,4.19,5.14,6.09,7.04,7.59,8.54,9.49,10.43,11.34,12.29,13.24,14.19,15.14,16.09,17.04 Комментарии.
0.43,1.38,2.33,3.28,4.23,5.18,6.13,7.08,8.03,8.58,9.53,10.47,11.38,12.33,13.28,14.23,15.18,16.13,17.08 Служба розыска детей.
0.48,1.43,2.38,3.33,4.28,5.23,6.18,7.13,8.08,9.03,9.58,10.52,11.43,12.38,13.33,14.28,15.23,16.18,17.13 Розыск людей.
0.51,1.46,2.41,3.36,4.31,5.26,6.21,7.16,8.11,9.06,10.01,11.46,12.41,13.36,14.31,15.26,16.21,17.16,18.36,19.56,20.36,21.56,22.36,23.56 Метео.чп.

Суббота, 20 апреля
0.00,0.55,1.50,2.45,3.40,4.35,5.30,6.25,7.20,8.15,9.10,10.05,10.55,11.50,12.45,13.40,14.35,15.30,16.25,17.20 Чп.новости.
0.13,0.20,1.08,1.15,2.03,2.10,2.58,3.05,3.53,4.00,4.48,4.55,5.43,5.50,6.38,6.45,7.33,7.40,8.28,8.35,9.23,9.30,10.18,10.25,11.08,11.15,12.03,12.10,12.58,13.05,13.53,14.00,14.48,14.55,15.43,15.50,16.38,16.45,17.33,17.40 Ситуация.
0.19,1.14,2.09,3.04,3.59,4.54,5.49,6.44,7.39,8.34,9.29,10.24,11.14,12.09,13.04,13.59,14.54,15.49,16.44,17.39 Изувер в розыске.
0.26,1.21,2.16,3.11,4.06,5.01,5.56,6.51,7.46,8.41,9.36,10.31,11.21,12.16,13.11,14.06,15.01,15.56,16.51,17.46,18.06,18.46,19.26,20.06,20.46,21.26,22.06,22.46,23.26 Чп.у.
0.29,1.24,2.19,3.14,4.09,5.04,5.59,6.54,7.49,8.44,9.39,10.34,11.24,12.19,13.14,14.09,15.04,15.59,16.54,17.49 Авто.чп.
0.33,1.28,2.23,3.18,4.13,5.08,6.03,6.58,7.53,8.48,9.43,10.37,11.28,12.23,13.18,14.13,15.08,16.03,16.58,17.53,18.24,19.04,19.44,20.24,21.04,21.44,22.24,23.04,23.44 Чп.ок.
0.36,1.31,2.26,3.21,4.16,5.11,6.06,7.01,7.56,8.51,9.46,10.40,11.31,12.26,13.21,14.16,15.11,16.06,17.01,17.56,18.30,19.10,19.50,20.30,21.10,21.50,22.30,23.10,23.50 Эмоция.
0.39,1.34,2.29,3.24,4.19,5.14,6.09,7.04,7.59,8.54,9.49,10.43,11.34,12.29,13.24,14.19,15.14,16.09,17.04 Комментарии.
0.43,1.38,2.33,3.28,4.23,5.18,6.13,7.08,8.03,8.58,9.53,10.47,11.38,12.33,13.28,14.23,15.18,16.13,17.08,18.14,18.54,19.16,19.34,20.14,20.54,21.16,21.34,22.14,22.54,23.16,23.34 Служба розыска детей.
0.48,1.43,2.38,3.33,4.28,5.23,6.18,7.13,8.08,9.03,9.58,10.52,11.43,12.38,13.33,14.28,15.23,16.18,17.13,18.33,19.13,19.53,20.33,21.13,21.53,22.33,23.13,23.53 Розыск людей.
0.51,1.46,2.41,3.36,4.31,5.26,6.21,7.16,8.11,9.06,10.01,11.46,12.41,13.36,14.31,15.26,16.21,17.16,18.36,19.56,20.36,21.56,22.36,23.56 Метео.чп.
18.00,18.18,18.40,18.58,19.20,19.38,20.00,20.18,20.40,20.58,21.20,21.38,22.00,22.18,22.40,22.58,23.20,23.38 Спецрепортаж.
18.09,18.49,19.29,20.09,20.49,21.29,22.09,22.49,23.29 "Упс!"
18.27,19.07,19.47,20.27,21.07,21.47,22.27,23.07,23.47 "Но..."

Воскресенье, 21 апреля
0.00,0.18,0.40,0.58,1.20,1.38,2.00,2.18,2.40,2.58,3.20,3.38,4.00,4.18,4.40,4.58,5.20,5.38,6.00,6.18,6.40,6.58,7.20,7.38,8.00,8.18,8.40,8.58,9.20,9.38,10.00,10.18,10.40,10.58,11.20,11.38,12.00,12.18,12.40,12.58,13.20,13.38,14.00,14.18,14.40,14.58,15.20,15.38,16.00,16.18,16.40,16.58,17.20,17.38 Спецрепортаж.
0.06,0.46,1.26,2.06,2.46,3.26,4.06,4.46,5.26,6.06,6.46,7.26,8.06,8.46,9.26,10.06,10.46,11.26,12.06,12.46,13.26,14.06,14.46,15.26,16.06,16.46,17.26,18.49,19.49,20.49,21.49,22.49,23.49 Чп.у.
0.09,0.49,1.29,2.09,2.49,3.29,4.09,4.49,5.29,6.09,6.49,7.29,8.09,8.49,9.29,10.09,10.49,11.29,12.09,12.49,13.29,14.09,14.49,15.29,16.09,16.49,17.29 "Упс!"
0.14,0.54,1.16,1.34,2.14,2.54,3.16,3.34,4.14,4.54,5.16,5.34,6.14,6.54,7.16,7.34,8.14,8.54,9.16,9.34,10.14,10.54,11.16,11.34,12.14,12.54,13.16,13.34,14.14,14.54,15.16,15.34,16.14,16.54,17.16,17.34 Служба розыска детей.
0.24,1.04,1.44,2.24,3.04,3.44,4.24,5.04,5.44,6.24,7.04,7.44,8.24,9.04,9.44,10.24,11.04,11.44,12.24,13.04,13.44,14.24,15.04,15.44,16.24,17.04,17.44,18.52,19.52,20.52,21.52,22.52,23.52 Чп.ок.
0.27,1.07,1.47,2.27,3.07,3.47,4.27,5.07,5.47,6.27,7.07,7.47,8.27,9.07,9.47,10.27,11.07,11.47,12.27,13.07,13.47,14.27,15.07,15.47,16.27,17.07,17.47 "Но..."
0.30,1.10,1.50,2.30,3.10,3.50,4.30,5.10,5.50,6.30,7.10,7.50,8.30,9.10,9.50,10.30,11.10,11.50,12.30,13.10,13.50,14.30,15.10,15.50,16.30,17.10,17.50 Эмоция.
0.33,1.13,1.53,2.33,3.13,3.53,4.33,5.13,5.53,6.33,7.13,7.53,8.33,9.13,9.53,10.33,11.13,11.53,12.33,13.13,13.53,14.33,15.13,15.53,16.33,17.13,17.53 Розыск людей.
0.36,1.56,2.36,3.56,4.36,5.56,6.36,7.56,8.36,9.56,10.36,11.56,12.36,13.56,14.36,15.56,16.36,17.56,18.55,19.55,20.55,21.55,22.55,23.55 Метео.чп.
18.00,18.11,19.00,19.11,20.00,20.11,21.00,21.11,22.00,22.11,23.00,23.11 Резонанс недели. Десять событий.
18.10,19.10,20.10,21.10,22.10,23.10 Изувер в розыске.





























































