NewsOne.

Понедельник, 15 апреля
5.00,5.30,6.00,7.00,7.30,8.00,9.00,9.30,10.00,11.00,12.00,13.00,13.30,14.00,15.00,15.30,16.00,17.00,17.30,18.00,19.00,19.30,20.00,21.00,21.30,22.00,23.00,23.30,0.00,1.00,1.30,2.00,3.00,3.30,4.00 "Мировые новости".
5.15,7.15,9.15,11.15,11.30,15.15,19.15,23.15,1.15,3.15 "Новости шоу-бизнеса".
5.58,6.58,7.58,8.58,9.58,10.58,11.58,12.58,13.58,14.58,15.58,16.58,17.58,18.58,19.58,20.58,21.58,22.58,23.58,0.58,1.58,2.58,3.58,4.58 "Прогноз погоды".
11.10,13.10,17.10,21.10 "Телемагазин".

Вторник, 16 апреля
5.00,5.30,6.00,7.00,7.30,8.00,9.00,9.30,10.00,11.00,12.00,13.00,13.30,14.00,15.00,15.30,16.00,17.00,17.30,18.00,19.00,19.30,20.00,21.00,21.30,22.00,23.00,23.30,0.00,1.00,1.30,2.00,3.00,3.30,4.00 "Мировые новости".
5.15,7.15,9.15,11.15,11.30,15.15,19.15,23.15,1.15,3.15 "Новости шоу-бизнеса".
5.58,6.58,7.58,8.58,9.58,10.58,11.58,12.58,13.58,14.58,15.58,16.58,17.58,18.58,19.58,20.58,21.58,22.58,23.58,0.58,1.58,2.58,3.58,4.58 "Прогноз погоды".
11.10,13.10,17.10,21.10 "Телемагазин".

Среда, 17 апреля
5.00,5.30,6.00,7.00,7.30,8.00,9.00,9.30,10.00,11.00,12.00,13.00,13.30,14.00,15.00,15.30,16.00,17.00,17.30,18.00,19.00,19.30,20.00,21.00,21.30,22.00,23.00,23.30,0.00,1.00,1.30,2.00,3.00,3.30,4.00 "Мировые новости".
5.15,7.15,9.15,11.15,11.30,15.15,19.15,23.15,1.15,3.15 "Новости шоу-бизнеса".
5.58,6.58,7.58,8.58,9.58,10.58,11.58,12.58,13.58,14.58,15.58,16.58,17.58,18.58,19.58,20.58,21.58,22.58,23.58,0.58,1.58,2.58,3.58,4.58 "Прогноз погоды".
11.10,13.10,17.10,21.10 "Телемагазин".

Четверг, 18 апреля
5.00,5.30,6.00,7.00,7.30,8.00,9.00,9.30,10.00,11.00,12.00,13.00,13.30,14.00,15.00,15.30,16.00,17.00,17.30,18.00,19.00,19.30,20.00,21.00,21.30,22.00,23.00,23.30,0.00,1.00,1.30,2.00,3.00,3.30,4.00 "Мировые новости".
5.15,7.15,9.15,11.15,11.30,15.15,19.15,23.15,1.15,3.15 "Новости шоу-бизнеса".
5.58,6.58,7.58,8.58,9.58,10.58,11.58,12.58,13.58,14.58,15.58,16.58,17.58,18.58,19.58,20.58,21.58,22.58,23.58,0.58,1.58,2.58,3.58,4.58 "Прогноз погоды".
11.10,13.10,17.10,21.10 "Телемагазин".

Пятница, 19 апреля
5.00,5.30,6.00,7.00,7.30,8.00,9.00,9.30,10.00,11.00,12.00,13.00,13.30,14.00,15.00,15.30,16.00,17.00,17.30,18.00,19.00,19.30,20.00,21.00,21.30,22.00,23.00,23.30,0.00,1.00,1.30,2.00,3.00,3.30,4.00 "Мировые новости".
5.15,7.15,9.15,11.15,11.30,15.15,19.15,23.15,1.15,3.15 "Новости шоу-бизнеса".
5.58,6.58,7.58,8.58,9.58,10.58,11.58,12.58,13.58,14.58,15.58,16.58,17.58,18.58,19.58,20.58,21.58,22.58,23.58,0.58,1.58,2.58,3.58,4.58 "Прогноз погоды".
11.10,13.10,17.10,21.10 "Телемагазин".

Суббота, 20 апреля
5.00,5.30,6.00,7.00,7.30,8.00,9.00,9.30,10.00,11.00,12.00,13.00,13.30,14.00,15.00,15.30,16.00,17.00,17.30,18.00,19.00,19.30,20.00,21.00,21.30,22.00,23.00,23.30,0.00,1.00,1.30,2.00,3.00,3.30,4.00 "Мировые новости".
5.15,7.15,9.15,11.15,11.30,15.15,19.15,23.15,1.15,3.15 "Новости шоу-бизнеса".
5.58,6.58,7.58,8.58,9.58,10.58,11.58,12.58,13.58,14.58,15.58,16.58,17.58,18.58,19.58,20.58,21.58,22.58,23.58,0.58,1.58,2.58,3.58,4.58 "Прогноз погоды".
11.10,13.10,17.10,21.10 "Телемагазин".

Воскресенье, 21 апреля
5.00,5.30,6.00,7.00,7.30,8.00,9.00,9.30,10.00,11.00,12.00,13.00,13.30,14.00,15.00,15.30,16.00,17.00,17.30,18.00,19.00,19.30,20.00,21.00,21.30,22.00,23.00,23.30,0.00,1.00,1.30,2.00,3.00,3.30,4.00 "Мировые новости".
5.15,7.15,9.15,11.15,11.30,15.15,19.15,23.15,1.15,3.15 "Новости шоу-бизнеса".
5.58,6.58,7.58,8.58,9.58,10.58,11.58,12.58,13.58,14.58,15.58,16.58,17.58,18.58,19.58,20.58,21.58,22.58,23.58,0.58,1.58,2.58,3.58,4.58 "Прогноз погоды".
11.10,13.10,17.10,21.10 "Телемагазин".







































































