Россия 24.

Понедельник, 15 апреля
3.30,4.00,4.30,5.00,5.30,6.00,6.15,6.30,7.00,7.30,8.00,8.15,8.30,9.00,9.30,10.00,10.15,10.30,11.00,11.30,12.00,12.15,12.30,13.00,13.30,14.00,14.15,14.30,15.00,15.30,16.00,16.30,17.00,18.00,18.30,19.00,20.00,20.30,21.00,22.00,22.30,23.00,23.30,0.00,0.30,1.00,2.00,2.30,3.00 Вести.
3.35 Путешествие.
3.50 Вести. События недели.
4.15 Страховое время.
4.25,6.20,7.20,8.20,9.20,10.20,11.20,12.20,13.20,14.20,15.20,16.20,17.20,18.20,19.20,20.20,21.20,22.20,23.20,0.40,1.20,2.20 Спорт.
4.35 Пульс с Александром Малых.
5.10,5.40,6.10,7.10,8.10,9.10,9.35,10.10,10.40,11.10,11.40,12.10,12.40,13.10,13.40,14.10,14.40,15.10,15.40,16.10,16.40,17.30,18.10,18.40,19.30,20.10,21.30,23.10,0.20,1.30,2.10 Экономика.
5.15,5.35,5.50,10.35,11.35,12.35,13.35,14.35,15.35,16.35,18.35,20.35,0.35,2.35 Репортаж.
6.35 Агробизнес.
6.50,10.50,13.50 Телеком.
7.15 Вести. Космос.
7.35 Биржевые вести.
8.35,19.50,2.50 Вести.Net.
9.45 Вести. Транспорт.
11.50,15.50,16.50,18.50,21.50,0.50,2.40 Региональные вести.
12.50,14.50,17.50,22.50 Культура.
20.50,23.50 Реплика.
22.35,23.35 Интервью.
1.50 Обзор иностранной прессы.
3.10 Парламентский час.

Вторник, 16 апреля
3.30,4.00,4.30,5.00,5.30,6.00,6.15,6.30,7.00,7.15,7.30,8.00,8.15,8.30,9.00,9.30,10.00,10.15,10.30,11.00,11.30,12.00,12.15,12.30,13.00,13.30,14.00,14.15,14.30,15.00,15.30,16.00,16.30,17.00,19.00,20.00,20.30,21.00,22.00,22.30,23.00,23.30,0.00,0.30,1.00,2.00,2.30,3.00 Вести.
3.35 Парламентский час.
4.10,5.10,5.40,6.10,6.40,7.10,7.40,8.10,8.40,9.10,10.10,10.40,11.10,11.40,12.10,12.40,13.10,13.40,14.10,14.40,15.10,15.40,16.10,16.40,17.30,19.30,20.10,21.30,23.10,0.20,1.30,2.10,3.10 Экономика.
4.20,6.20,7.20,8.20,9.20,10.20,11.20,12.20,13.20,14.20,15.20,16.20,17.20,19.20,20.20,21.20,22.20,23.20,0.40,2.20,3.20 Спорт.
4.35,5.15,5.35,6.35,7.35,9.35,10.35,11.35,12.35,13.35,14.35,15.35,16.35,0.35,2.35 Репортаж.
4.40,6.50,7.50,8.50,11.50,13.50,15.50,20.35,2.40 Региональные вести.
4.50,10.50,1.50 Обзор иностранной прессы.
5.50,20.50,23.50 Реплика.
8.35 Вести. Энергетика.
9.40,1.10 Вести. Телекоммуникации.
12.50,14.50,17.50,21.50,2.50 Культура.
16.50,0.50 Российская газета.
18.00 Вести. Экономика.
18.05 Дебаты.
19.50,22.50 Вести.Net.
22.35,23.35 Интервью.

Среда, 17 апреля
3.30,4.00,4.30,5.00,5.30,6.00,6.15,6.30,7.00,7.15,7.30,8.00,8.15,8.30,9.00,9.30,10.00,10.15,10.30,11.00,11.30,12.00,12.15,12.30,13.00,13.30,14.00,14.15,14.30,15.00,15.30,16.00,17.00,18.00,18.30,19.00,19.30,19.50,20.00,20.30,21.00,22.00,22.30,23.00,23.30,0.00,0.30,1.00,2.00,2.30,3.00 Вести.
3.35,4.35,5.15,5.35,6.35,7.35,8.35,9.35,11.35,12.35,13.35,14.35,15.35,18.40,20.35,0.35 Репортаж.
3.40,4.40,9.50,13.50 Региональные вести.
3.50,7.50,11.50,15.50,22.50,2.50 Вести.Net.
4.10,5.10,5.40,6.10,6.40,7.10,7.40,8.10,8.40,9.10,9.40,10.10,11.10,11.40,12.10,12.40,13.10,13.40,14.10,14.40,15.10,15.40,17.30,18.10,19.35,20.10,21.30,23.10,0.20,1.30,2.10,3.10 Экономика.
4.20,6.20,7.20,8.20,9.20,10.20,11.20,12.20,13.20,14.20,15.20,17.20,18.20,20.20,21.20,22.20,23.20,0.40,1.20,2.20,3.20 Спорт.
4.50,6.50,8.50,1.50 Обзор иностранной прессы.
5.50,20.50,23.50 Реплика.
10.35 Машиностроение.
10.50,12.50,14.50,18.50,21.50 Культура.
16.05 Сенат.
17.50,0.50 Российская газета.
19.05 Мнение с Эвелиной Закамской.
22.35,23.35 Интервью.
2.35 Вести. Телекоммуникации.

Четверг, 18 апреля
3.30,4.00,4.30,5.00,5.30,6.00,6.15,6.30,7.00,7.15,7.30,8.00,8.15,8.30,9.00,9.30,10.00,10.15,10.30,11.00,11.30,12.00,12.15,12.30,13.00,13.30,14.00,14.15,14.30,15.00,15.30,16.00,16.30,17.00,18.00,19.00,20.00,20.30,21.00,22.00,22.30,23.00,23.30,0.00,0.30,1.00,2.00,2.30,3.00 Вести.
3.35,4.35,5.15,5.35,6.35,7.35,8.35,9.35,10.35,11.35,13.35,14.35,15.35,16.35,20.35,2.35 Репортаж.
3.40,4.40,9.50,13.50,2.40 Региональные вести.
3.50,12.50,14.50,17.50 Культура.
4.10,5.10,5.40,6.10,6.40,7.10,7.40,8.10,8.40,9.10,9.40,10.10,10.40,11.10,11.40,12.10,12.40,13.10,13.40,14.10,14.40,15.10,15.40,16.10,16.40,17.30,19.30,20.10,23.10,0.20,1.30,2.10,3.10 Экономика.
4.20,6.20,7.20,8.20,9.20,10.20,11.20,12.20,13.20,14.20,15.20,16.20,17.20,19.20,20.20,21.20,22.20,23.20,0.40,1.20,2.20,3.20 Спорт.
4.50,6.50,8.50,10.50,1.50 Обзор иностранной прессы.
5.50,20.50,23.50,2.50 Реплика.
7.50,11.50,15.50,19.50,22.50 Вести.Net.
12.35,0.35 Российские нанотехнологии.
16.50,0.50 Российская газета.
18.05 Дебаты.
21.30,21.35 Красный угол.
22.35,23.35 Интервью.

Пятница, 19 апреля
3.30,4.00,4.30,5.00,5.30,6.00,6.15,6.30,7.00,7.15,7.30,8.00,8.15,8.30,9.00,9.30,10.00,10.15,10.30,11.00,11.30,12.00,12.15,12.30,13.00,13.30,14.00,14.15,15.00,15.30,16.00,16.30,17.00,18.00,19.00,20.00,20.30,21.00,21.30,22.00,22.30,23.00,23.30,0.00,0.30,1.00,2.00,2.30,3.00 Вести.
3.35 Вести. Телекоммуникации.
3.50,7.50,11.50,15.50,19.50,22.50 Вести.Net.
4.10,5.10,5.40,6.10,6.40,7.10,7.40,8.10,8.40,9.10,9.40,10.10,10.40,11.10,11.40,12.10,12.40,13.10,13.40,14.10,15.10,15.40,16.10,16.42,17.30,19.30,20.10,23.10,0.20,1.30,2.10,3.10 Экономика.
4.20,6.20,7.20,8.20,9.20,10.20,11.20,12.20,13.20,14.20,15.20,16.20,17.20,19.20,20.20,21.20,22.20,23.20,0.40,1.20,2.20,3.20 Спорт.
4.35,5.15,5.35,6.35,7.35,8.35,9.35,10.35,11.35,13.35,15.35,0.35,2.35 Репортаж.
4.40,9.50,13.50,20.35,2.40 Региональные вести.
4.50,6.50,8.50,10.50,1.50 Обзор иностранной прессы.
5.50,12.35 Реплика.
12.50,17.50,20.50,2.50 Культура.
14.30 В 15.50 от Паддингтона.
14.35,23.35 Индустрия Кино с Иваном Кудрявцевым.
16.35 Российские нанотехнологии.
16.50,0.50 Российская газета.
18.05 Мнение с Эвелиной Закамской.
21.35 Красный угол.
22.35 Интервью.

Суббота, 20 апреля
3.30,4.00,4.30,5.00,5.30,6.00,6.30,7.00,7.30,8.00,8.30,9.00,9.30,10.00,10.30,11.00,11.30,12.00,13.00,13.30,14.00,14.30,15.00,15.30,16.00,16.30,17.00,17.30,18.00,18.30,19.00,19.30,20.00,20.30,21.00,21.30,22.35,23.00,23.30,0.00,0.30,1.00,1.30,2.00,2.30,3.00 Вести.
3.35,7.10,8.35,0.15 Репортаж.
3.40 Региональные вести.
3.50,19.35,0.35 Вести.Net.
4.10 Экономика.
4.20,6.25,7.25,8.25,9.25,10.25,13.25,17.25,19.25,20.25,23.25,0.25,1.25,2.25 Спорт.
4.35 Вести. Телекоммуникации.
4.50 Обзор иностранной прессы.
5.15,8.45,2.15 Страховое время.
5.35,9.35,23.35 Индустрия Кино с Иваном Кудрявцевым.
6.15,17.35,22.45 Интервью.
6.35,15.35,20.35 Пульс с Александром Малых.
7.45,15.25,1.45 Вести. События недели.
7.50,16.50 Вести. Энергетика.
8.10 Российские нанотехнологии.
8.15,11.50,17.50,3.15 Космонавтика.
9.15 Машиностроение.
10.15,10.35 Наука 2.0.
11.15,11.35,16.15,16.35,21.15,21.35 Путешествие.
12.05 Сенат.
13.15 Агробизнес.
13.36 Церковь и мир.
14.10,14.35,18.10,18.35 Д/ф.
15.15 Вести. Наука.
17.15,1.35 СНГ с Кириллом Танаевым.
19.15,1.15 Новости подмосковья.
20.05,2.35 Биржевые вести.
21.50 Телеком.
22.00 Вести в субботу с Сергеем Брилевым.
23.15 Вести. Транспорт.

Воскресенье, 21 апреля
3.30,4.00,4.30,5.00,5.30,6.00,6.30,7.00,7.30,8.00,8.30,9.00,9.30,10.00,10.30,11.00,11.30,12.00,12.30,13.00,13.30,14.00,14.30,15.00,15.30,16.00,16.30,17.00,17.30,18.00,18.30,19.00,19.30,20.00,20.30,21.00,21.30,23.00,23.30,0.00,0.30,1.00,1.30,2.00,2.30,3.00 Вести.
3.35,11.15,11.35,16.15,16.35,21.15,21.35,3.15 Путешествие.
3.45,6.10,15.35,17.15,0.15,1.35 Интервью.
4.10,4.35,10.10,10.35,14.10,14.35 Д/ф.
5.10,8.15,15.50,21.50,23.15 Репортаж.
5.20,17.50 Вести. События недели.
5.35,20.15 СНГ с Кириллом Танаевым.
5.50,11.50,1.50 Космонавтика.
6.25,7.25,8.25,9.25,13.25,15.25,18.25,19.25,20.25,0.25,1.25,2.25 Спорт.
6.35,13.35,0.35 Биржевые вести.
7.15,19.45 Страховое время.
7.35 Индустрия Кино с Иваном Кудрявцевым.
8.10,16.50 Телеком.
8.35,23.35 Вести.Net.
9.10 Вести. Наука.
9.35 Пульс с Александром Малых.
12.10,12.35 Парламентский час.
13.15 Вести. Транспорт.
15.15 Машиностроение.
17.35 Агробизнес.
18.10,18.35,2.10,2.35 Наука 2.0.
19.10,1.10 Новости содружества.
19.35 Вести. Энергетика.
20.35 Церковь и мир.
22.00 Вести недели.

